step,episode_return,reward_scale,alpha_scaled,td_sigma,q_loss,policy_loss,log_prob,r_ent_for_scaler
1000,27.109597673838426,0.015100158832291988,0.006,68.12695961403264,3.4764661904773675e-06,-1.5218918323516846,-1.5423712730407715,1.3948672435854885
2000,26.83186795184302,0.01729859068001295,0.006,56.44035470432794,2.341278195672203e-05,-1.6181578636169434,-2.938098669052124,1.3450613881204716
3000,35.36563780353338,0.023273731084324827,0.006,53.24263736811852,0.00027893242076970637,-1.7809089422225952,-3.092271089553833,0.8916892557838949
4000,25.72949536996735,0.02142280270882995,0.006,49.21519430269827,0.00016481862985529006,-2.0239341259002686,-2.8509554862976074,1.392100957502001
5000,31.82904064204904,0.021926082982991806,0.006,48.153274875872576,0.0011633725371211767,-2.5392305850982666,-3.8204662799835205,0.8968068312505001
6000,32.011034547745936,0.022335288985178413,0.006,47.421118066295755,0.00027787170256488025,-3.1928138732910156,-3.565126895904541,2.4023283875726817
7000,35.07216615116228,0.024357063450098203,0.006,46.97511480413477,6.394193769665435e-05,-3.9280405044555664,-4.316181182861328,4.303671148055415
8000,28.858169914180205,0.023466969038550223,0.006,45.81717260961297,0.003121672896668315,-4.5895280838012695,-3.3864870071411133,2.029633883013896
9000,36.75020848882472,0.02756535812746405,0.006,45.2108760456148,0.012267949990928173,-6.0111308097839355,0.437349796295166,1.0035390059555
10000,16.422129474741052,0.026902392298242987,0.006,43.25868625389978,0.01830866187810898,-6.28098201751709,4.535038948059082,0.42767037099379845
11000,21.969519256649534,0.028441713471746375,0.006,41.81089637768135,0.020804371684789658,-6.768538475036621,-0.4662463665008545,0.7378516006150992
12000,48.45061534366495,0.028303800222518306,0.006,42.69552558637916,0.0282446201890707,-8.60494327545166,-0.6934695243835449,1.4294746671153855
13000,18.161546033487994,0.027828694727841816,0.006,41.35698796465341,0.0401761420071125,-8.705937385559082,3.8883132934570312,0.41634790983945447
14000,20.667265358503712,0.02728635303826334,0.006,40.28925941539474,0.043576255440711975,-8.876382827758789,0.9654347896575928,0.46602908950918315
15000,68.65885959417437,0.029703123993757723,0.006,43.186841103524564,0.0441637821495533,-11.128328323364258,-3.362656593322754,2.052535847311469
16000,61.09486228452317,0.03091275729439845,0.006,44.5756610961454,0.007752883713692427,-12.1951265335083,-3.7006545066833496,8.270218560537936
17000,19.879054138979065,0.030304781186675983,0.006,43.493477774448884,0.060734860599040985,-11.6577787399292,2.4516191482543945,0.9390537655617999
18000,25.358010740946902,0.029700977832979984,0.006,42.683631653673906,0.07602023333311081,-12.475590705871582,-0.8986958265304565,0.706958786793091
19000,22.239579637976703,0.029186478023261193,0.006,41.85701451719869,0.07761254906654358,-12.330094337463379,2.097896099090576,0.6691372050673515
20000,75.41348028934053,0.031610196643099185,0.006,44.137879649586495,0.09069384634494781,-14.54975414276123,-3.7230324745178223,1.2574471405581182
21000,27.217959676047453,0.031013216274276185,0.006,43.45253190230306,0.10222026705741882,-14.571322441101074,-0.14945340156555176,0.6787199087363393
22000,39.293333669813826,0.031963914586521563,0.006,43.177588398839,0.10774267464876175,-14.832487106323242,2.2818174362182617,0.6597976139006277
23000,30.056404916646983,0.03139667171367081,0.006,42.64386930653073,0.11581013351678848,-15.320180892944336,1.8358397483825684,0.808094173748516
24000,30.492052894936585,0.031382970930755504,0.006,42.156929803103935,0.10622645914554596,-15.515510559082031,-4.262692451477051,1.7755541086711213
25000,30.141266304484574,0.031482475783946695,0.006,41.6916844701483,0.09477590024471283,-13.325285911560059,4.634774208068848,0.490210172044133
26000,27.639151113542756,0.031184948335926395,0.006,41.1939854712405,0.07862242311239243,-12.024405479431152,4.415070533752441,0.4737396252452965
27000,25.370888703903443,0.030917332030870784,0.006,40.67384181266259,0.12326361238956451,-15.037445068359375,8.53799057006836,0.757297659996373
28000,80.25146784588702,0.03395434349803518,0.006,42.25578384083408,0.11698181927204132,-16.950864791870117,7.350895404815674,2.498286462966276
29000,27.434297155063575,0.033450679841279654,0.006,41.754980854520795,0.12376055121421814,-15.443519592285156,4.079569339752197,0.7542759827469876
30000,25.29984044653803,0.033092280110552055,0.006,41.2533921668785,0.09465594589710236,-13.16549301147461,5.936837196350098,0.4733891215043732
31000,26.87364845546177,0.032919889970418455,0.006,40.79450539266093,0.08594692498445511,-13.451094627380371,2.5165910720825195,1.4914897637372024
32000,33.44498898377498,0.03268260344653621,0.006,40.516491488580115,0.16904738545417786,-17.49903106689453,-1.7180891036987305,0.8405246336234081
33000,35.29898663779633,0.03246541568489345,0.006,40.26443995287526,0.1603887975215912,-17.615909576416016,4.978066921234131,1.4905788127310395
34000,60.9631645187065,0.03293799859689535,0.006,40.84386926135297,0.11035655438899994,-13.874017715454102,4.409907341003418,0.3057027810293115
35000,34.414847599049324,0.03266669098830036,0.006,40.58447128486983,0.1667242795228958,-17.28394317626953,8.599610328674316,0.712537581363322
36000,34.536886140301796,0.032382876356673494,0.006,40.358174444708425,0.09500030428171158,-12.65113353729248,8.893997192382812,0.21188866398998643
37000,28.652275373450397,0.03221947645427482,0.006,40.02270783491777,0.21170656383037567,-19.30590057373047,3.3369717597961426,0.8908190740903599
38000,34.01418495131847,0.03219142919884221,0.006,39.815016030390794,0.13856461644172668,-15.853569030761719,3.871540069580078,1.0327195566751814
39000,41.231039900793554,0.03323205251340227,0.006,39.743744412864565,0.17878496646881104,-17.702829360961914,-1.9782917499542236,0.8979929145632939
40000,40.333831142993624,0.03315866532260213,0.006,39.651576873074866,0.23807214200496674,-20.01795768737793,2.387272834777832,0.6709087392119695
41000,44.21046945889547,0.03304450315445571,0.006,39.648884559278656,0.2353927046060562,-21.09058952331543,-0.9386153221130371,1.8540252965003603
42000,51.1023623778192,0.033182872854028815,0.006,39.825496176910804,0.17563948035240173,-17.3905086517334,6.70521879196167,0.6998956856349052
43000,27.748625191791813,0.03293406447102174,0.006,39.53034041258954,0.16947267949581146,-16.98282241821289,5.35969352722168,0.7093428256240492
44000,27.39848725668788,0.03272016936496243,0.006,39.23586106920237,0.10729559510946274,-13.426021575927734,13.005830764770508,0.5739207290584992
45000,49.00968741931743,0.03266889414750254,0.006,39.365537453096316,0.29181617498397827,-22.57392692565918,0.16199219226837158,1.3086619266643271
46000,47.85307536539616,0.03247930321128037,0.006,39.47357039477842,0.29897019267082214,-23.04368782043457,-7.976694583892822,1.4602613877974358
47000,47.77732057164163,0.0322613487579509,0.006,39.58511898488455,0.31250521540641785,-23.512619018554688,-0.7616742253303528,1.383680201650073
48000,50.0969196321004,0.03256237513502817,0.006,39.7210853068256,0.08491209149360657,-12.161910057067871,9.197816848754883,0.5873128629576694
49000,46.809003831890394,0.032315205816598774,0.006,39.80177085373954,0.3341035842895508,-24.411998748779297,-0.983031153678894,1.405904462827888
50000,50.48527892577293,0.03214551956911279,0.006,39.96381259959073,0.33172571659088135,-24.883914947509766,-0.0687570571899414,1.8665037802597007
51000,41.66286371883382,0.03247461812118509,0.006,39.92685143229978,0.3348957598209381,-24.981082916259766,-2.649167776107788,1.875339824229166
52000,51.714403421276536,0.03232072970692407,0.006,40.10022473843498,0.34562554955482483,-25.593551635742188,-1.0258426666259766,2.0186597026923847
53000,54.87952608247151,0.032230330203999145,0.006,40.34082401267022,0.37582677602767944,-26.072660446166992,-2.2027840614318848,1.3418365319386723
54000,35.56221026886541,0.032130049126073215,0.006,40.19656098612223,0.3445548713207245,-25.5379695892334,4.4803948402404785,1.9430736466926049
55000,53.28059283908712,0.0320145459743227,0.006,40.400428934706376,0.3707239329814911,-26.629098892211914,-2.3785362243652344,2.0304464419139463
56000,49.30487304277963,0.03191833267513005,0.006,40.51456265135588,0.39646849036216736,-26.868295669555664,-2.403195381164551,1.3579974423574355
57000,52.55634975739049,0.03179528199368822,0.006,40.696288991725304,0.40569356083869934,-27.299842834472656,-4.756832122802734,1.3787167853899787
58000,53.019068156091656,0.031687492694526184,0.006,40.883689435369625,0.4069420397281647,-27.686922073364258,-3.391188144683838,1.6063955047545446
59000,31.531261090049796,0.03151999472365857,0.006,40.69929275746067,0.19934681057929993,-19.107601165771484,-2.544581890106201,0.9360697333747794
60000,32.78056711631451,0.031359459241952374,0.006,40.54137040252144,0.12216799706220627,-14.720549583435059,18.885887145996094,0.5503112823390451
61000,24.358461345735645,0.031204871366052277,0.006,40.29940703319408,0.08505669981241226,-12.357704162597656,10.663158416748047,0.6045914346462749
62000,48.83762879093003,0.031031011709337808,0.006,40.423719382614124,0.42192816734313965,-28.18588638305664,-1.836195707321167,1.9282565220462387
63000,51.422204093001135,0.030938869713575536,0.006,40.59341031131749,0.4420420825481415,-28.505144119262695,-0.11901617050170898,1.5161110433947589
64000,55.949789941974494,0.03107823571970443,0.006,40.843061956761176,0.4517001509666443,-28.829994201660156,0.3311135768890381,1.3799271673672544
65000,54.05904194874179,0.030998471366744808,0.006,41.049265442255,0.44309279322624207,-29.188140869140625,-2.3751168251037598,1.8636087661785818
66000,33.25906990218716,0.031068139184464248,0.006,40.90240686793446,0.20677126944065094,-19.49625587463379,15.178927421569824,0.8970692498056352
67000,35.932766443513515,0.03100728231033084,0.006,40.79632751579443,0.21797002851963043,-20.215290069580078,6.3751678466796875,1.1686048592135974
68000,51.10798099582661,0.03284477100643546,0.006,40.873285184841166,0.17506924271583557,-17.917295455932617,12.1431884765625,0.8153909417462996
69000,46.34646856949481,0.03295509422544695,0.006,40.879596424521516,0.34106990694999695,-24.408113479614258,7.8881120681762695,0.5339436231010273
70000,39.59740845344479,0.03293626634165859,0.006,40.8018373339472,0.46907827258110046,-29.234956741333008,7.2959675788879395,1.2900674381340875
71000,46.802676213610866,0.032813609181713575,0.006,40.808917928791466,0.3489832878112793,-25.348970413208008,10.426173210144043,1.2411814917274817
72000,44.86345734586196,0.03262759779672284,0.006,40.793881062355695,0.34526681900024414,-25.251724243164062,6.066239356994629,1.2814806523027524
73000,44.5762897490879,0.03262427539728881,0.006,40.7815287606027,0.17170871794223785,-17.325864791870117,15.719134330749512,0.42691497174304505
74000,48.09662661079353,0.03260548603195519,0.006,40.805359944991366,0.34588223695755005,-25.2614803314209,8.383373260498047,1.2631330544727346
75000,49.8121641836349,0.03274664759341727,0.006,40.85235472527874,0.1748136579990387,-18.948083877563477,12.198330879211426,1.8674195892527572
76000,55.615283513753894,0.03393818620120169,0.006,40.95772356007602,0.22684219479560852,-20.81491470336914,10.630197525024414,1.3075905986470633
77000,57.71602563570229,0.033906581789628694,0.006,41.098762041601304,0.5120258927345276,-30.966463088989258,1.2642955780029297,1.5578395024977212
78000,45.83951839818131,0.033728531064797104,0.006,41.072730976862445,0.3143485188484192,-24.276063919067383,3.415196418762207,1.2479007439985061
79000,47.79298679320075,0.03356710821914376,0.006,41.08189389314548,0.3632242977619171,-25.979393005371094,3.6328396797180176,1.2201191548553383
80000,53.38901889420273,0.033581438230829076,0.006,41.16870966050093,0.17892709374427795,-18.02773094177246,13.390178680419922,0.6134607553654546
81000,47.08299342845831,0.03362611731731824,0.006,41.15505164586872,0.3753421902656555,-29.3709716796875,15.589030265808105,4.157258485192339
82000,73.50214579160269,0.03558369485987022,0.006,41.46501078349033,0.4543211758136749,-29.401763916015625,6.517457485198975,1.4529553541506812
83000,47.54453140171765,0.03543791765955195,0.006,41.42492497778725,0.2751622796058655,-22.890827178955078,8.185792922973633,1.1610020549287317
84000,48.39363200174738,0.035358118921321985,0.006,41.392937638739625,0.2675703167915344,-22.549110412597656,12.528922080993652,1.1377040653368227
85000,56.46793825928792,0.03553962617778652,0.006,41.45459329606216,0.4331721067428589,-30.870777130126953,3.323625087738037,3.5870979479612344
86000,47.591714055643564,0.035418451373765224,0.006,41.41554439429436,0.27001070976257324,-22.635316848754883,15.510303497314453,1.1147438965988643
87000,50.09265982841566,0.035358373996420396,0.006,41.40090787461011,0.281841516494751,-23.125391006469727,10.608019828796387,1.1461654055040944
88000,62.64832221610643,0.0356216912781514,0.006,41.53222634854038,0.45214956998825073,-29.40010643005371,3.040530204772949,1.472979117560794
89000,48.340372316745785,0.035500456321499514,0.006,41.498129023345996,0.2630263566970825,-22.43111228942871,9.648889541625977,1.1483433012890694
90000,51.943643607026814,0.03555893278395885,0.006,41.50571779111949,0.3249623775482178,-24.92389678955078,13.988109588623047,1.2633676650825514
91000,60.44714545311693,0.03546161913904152,0.006,41.60636236703684,0.4566132724285126,-29.560760498046875,12.610556602478027,1.44602449666557
92000,48.19100300643533,0.035533121739955924,0.006,41.580467521438266,0.19419652223587036,-20.96287727355957,4.83659029006958,2.6393077622710117
93000,48.09172476624175,0.035442633075471186,0.006,41.54847450715403,0.26677316427230835,-22.59581184387207,12.211241722106934,1.1359868291878976
94000,63.02469123089211,0.035891765177115696,0.006,41.664305837693696,0.3133487105369568,-23.83664894104004,12.941155433654785,0.5139860454373701
95000,50.27021063951023,0.035921750608963576,0.006,41.64906934426404,0.49692344665527344,-30.49187469482422,10.094882011413574,1.1322809555095228
96000,49.483169271364595,0.03595115269170404,0.006,41.63114943118582,0.522429883480072,-30.697460174560547,2.032054901123047,0.6067515851821202
97000,72.21236970477122,0.0375132392249316,0.006,41.828140009044056,0.41427281498908997,-28.34674835205078,-1.4392790794372559,1.4244722253649336
98000,85.31025546758723,0.03832597523666231,0.006,42.16132142940762,0.5544860363006592,-32.77413558959961,1.0181450843811035,1.3792035858330405
99000,53.419812290722554,0.0383772134554662,0.006,42.140318213558,0.31158244609832764,-27.07172203063965,14.185266494750977,3.5491762833950196
100000,56.97417249014928,0.03851878541396388,0.006,42.146933637868415,0.18011386692523956,-19.294090270996094,8.493415832519531,1.4070054845968585
101000,67.73682257414998,0.03882878416535565,0.006,42.24404122161932,0.259072870016098,-22.586936950683594,6.61419153213501,1.0850580891266746
102000,51.22708956703899,0.038708280691195945,0.006,42.201496763461236,0.27230969071388245,-23.493736267089844,9.42959976196289,1.4716035453793062
103000,63.69537842572364,0.03868053379236106,0.006,42.265910235257984,0.22405104339122772,-20.98771858215332,20.77202606201172,0.9815587559118732
104000,53.00297911842969,0.03856992251503535,0.006,42.2349176369613,0.28568369150161743,-24.164987564086914,17.19074249267578,1.590683127668225
105000,53.66814068703008,0.038660314974995155,0.006,42.212934001329174,0.488236665725708,-30.21388053894043,4.331681728363037,0.7180445898388
106000,55.87535404341624,0.03857394482772091,0.006,42.19851276483169,0.32639646530151367,-25.14314079284668,12.344789505004883,1.0346583985258944
107000,20.664003860188906,0.038489432601128776,0.006,42.023246593372384,0.059722524136304855,-10.590466499328613,3.277853488922119,0.3207445063114197
108000,42.04816925764834,0.038406188857579474,0.006,41.93195295968526,0.3333926498889923,-25.25933265686035,11.257516860961914,1.0477543247390289
109000,53.117901157280976,0.03832127947074927,0.006,41.9047923591785,0.2810479700565338,-23.248430252075195,14.08603572845459,1.033041164638965
110000,53.687266447610654,0.038364355056533815,0.006,41.88883409119134,0.5027114748954773,-30.421152114868164,6.591699600219727,0.7210680001195088
111000,53.45344234882813,0.03827981272210586,0.006,41.867503248674886,0.24486717581748962,-21.740259170532227,16.00859832763672,1.022520225137509
112000,57.151123256187844,0.03820760317927822,0.006,41.87348363162465,0.33415231108665466,-25.244327545166016,13.58494758605957,1.038982300203687
113000,56.37068095105294,0.038122840557110814,0.006,41.87184047047822,0.334916889667511,-25.68404197692871,21.93647003173828,1.4519684905975225
114000,58.46419751657505,0.0380848380560029,0.006,41.88180379126737,0.34852591156959534,-25.720705032348633,21.193283081054688,0.9953286158998922
115000,57.61395390289485,0.038020933595477605,0.006,41.89043446582602,0.35183727741241455,-25.91072654724121,10.757680892944336,1.0630524270489317
116000,57.272463371219345,0.037970361882794804,0.006,41.89674053122194,0.3364281952381134,-26.291400909423828,18.216402053833008,1.9902742309916788
117000,37.35131024542785,0.0378741116606204,0.006,41.80225902558312,0.16560548543930054,-17.615938186645508,9.9960355758667,0.6046543374301057
118000,55.78443994989034,0.03785785128816235,0.006,41.80231259493596,0.3648083209991455,-26.310527801513672,11.636026382446289,1.0621972158071122
119000,55.35771689247299,0.0379163748362329,0.006,41.80159083519264,0.5648161172866821,-34.06287384033203,7.092985153198242,2.6471997708986197
120000,54.02586753574827,0.03783783919099166,0.006,41.78741059023843,0.3799196481704712,-26.820045471191406,11.92243480682373,1.0632811797863533
121000,60.01000458345431,0.03790540954664883,0.006,41.81904027075259,0.6106978058815002,-35.754146575927734,-1.3812875747680664,3.073755053701349
122000,66.48140183612153,0.03818438656647711,0.006,41.90404090086567,0.25620007514953613,-22.885295867919922,15.77135181427002,1.6750580966721396
123000,57.21057445418019,0.03812354789716843,0.006,41.9052072915841,0.32925188541412354,-25.051124572753906,19.60611343383789,1.0057195638109564
124000,87.84317705891257,0.03967794444501206,0.006,42.146992389941104,0.6193938851356506,-35.167789459228516,11.184460639953613,1.9974437302131625
125000,58.17461559426297,0.03971580171739961,0.006,42.14740612430397,0.22676478326320648,-20.454410552978516,19.584985733032227,0.38388900190437525
126000,55.603106328662825,0.03964733451649799,0.006,42.1242369115386,0.2984745502471924,-24.019256591796875,12.38248348236084,1.0055968114807845
127000,57.33550392671571,0.03958818637196488,0.006,42.113244499336346,0.318104088306427,-24.889280319213867,10.675864219665527,1.1371088984697082
128000,61.19457848530346,0.03970478329713575,0.006,42.13155676859122,0.5242483019828796,-31.034353256225586,13.85733413696289,0.5290020988675881
129000,61.92534423571505,0.03981779525172547,0.006,42.15382694906957,0.42311882972717285,-31.53675651550293,9.611837387084961,4.1167074736493925
130000,69.18423435346405,0.04002733086196376,0.006,42.22209560850629,0.3911900222301483,-29.048126220703125,7.241785049438477,2.6402376524858413
131000,81.38181765766335,0.041014048670020925,0.006,42.36629333956375,0.309731662273407,-26.424226760864258,15.279706954956055,2.845883007446975
132000,71.505205222056,0.041210950035902034,0.006,42.4349712523634,0.5319953560829163,-31.605539321899414,9.806421279907227,0.6543127408034635
133000,72.57201150520925,0.0413478743791549,0.006,42.50787362910263,0.4751366376876831,-29.95645523071289,11.994634628295898,0.6557122379494886
134000,68.74153367388618,0.04151377281879767,0.006,42.552514058497536,0.708397388458252,-37.52268600463867,-0.3613605499267578,1.7077900614816293
135000,69.07888993880889,0.0416481211286097,0.006,42.59615576394544,0.2876066267490387,-23.247150421142578,5.866474151611328,0.4032707726249141
136000,58.07542065859999,0.04157939103353505,0.006,42.57117247608125,0.24239008128643036,-22.473466873168945,13.455638885498047,1.5143502093778287
137000,58.501006953164406,0.04153949309526851,0.006,42.55183852416942,0.24800699949264526,-22.2157039642334,11.774124145507812,1.0247610504428901
138000,74.37248397599879,0.04178475119668129,0.006,42.62491154699463,0.5768997073173523,-36.52006149291992,10.838676452636719,4.144774017468443
139000,71.06061566444247,0.041948475089474996,0.006,42.67612333168252,0.3537832796573639,-25.655778884887695,9.878619194030762,0.272153210012296
140000,100.62821040242669,0.04262831644913553,0.006,42.933365855137225,0.3244064450263977,-24.77843475341797,15.58576488494873,0.3250138730284547
141000,45.755929632001894,0.04255829789484182,0.006,42.85527228102847,0.22392918169498444,-21.215333938598633,11.577387809753418,0.9357230527770172
142000,74.33399652299205,0.04280520136114661,0.006,42.91677423990117,0.48739781975746155,-31.49280548095703,7.934004306793213,1.5309361827681471
143000,49.969081096988795,0.042691986113728514,0.006,42.854755810014886,0.25820645689964294,-22.90326690673828,12.671716690063477,1.1270428773845456
144000,95.20044691619249,0.043145843532607704,0.006,43.052274897025626,0.7256276607513428,-39.95857620239258,1.7416045665740967,3.285017782317315
145000,51.08881122122357,0.04307005752648465,0.006,42.99219274521618,0.1777561753988266,-19.040653228759766,13.141810417175293,0.9146566533119808
146000,48.18402999852385,0.042987648943876196,0.006,42.924141517698835,0.1890108436346054,-19.565673828125,15.257351875305176,0.9042409864436591
147000,54.310329150393365,0.04290847013715334,0.006,42.87649772758835,0.2422640025615692,-21.96596908569336,22.707000732421875,0.8620179040976726
148000,54.78623544520131,0.04282299808953641,0.006,42.82919264098659,0.19268029928207397,-19.86812973022461,10.904340744018555,1.0681002951429441
149000,101.99612335485752,0.04339479367619088,0.006,43.06758228944336,0.3604170083999634,-26.499034881591797,11.943161010742188,0.6435252209494474
150000,48.92001553874293,0.04330213086729047,0.006,43.00066436370737,0.17029541730880737,-18.695125579833984,8.831672668457031,0.9501004404501151
151000,47.964765897661245,0.043206454523231644,0.006,42.93242499722765,0.17237044870853424,-18.731103897094727,13.904314041137695,0.9066254435660395
152000,90.54623105747113,0.04365341046353295,0.006,43.079663316723206,0.7060790657997131,-36.46458053588867,12.22368049621582,0.2653787472720288
153000,52.51986538583726,0.0435720502656187,0.006,43.0240805240484,0.19132977724075317,-19.736770629882812,10.912628173828125,0.9174950124224248
154000,101.8269569126508,0.044029345950730804,0.006,43.236955867357906,0.8131569623947144,-42.06241989135742,3.9134297370910645,3.0733980517871675
155000,112.84728599010064,0.04490431286940653,0.006,43.51160410782391,0.3294905126094818,-27.627233505249023,6.451666355133057,2.6510219425731063
156000,85.74950164682683,0.04533901721463304,0.006,43.5997028222455,0.10780948400497437,-14.28089427947998,16.672821044921875,-0.03478551164989489
157000,73.62170201910273,0.045519738914080295,0.006,43.61947267643061,0.2687389552593231,-23.113248825073242,16.37948989868164,0.5008971946580532
158000,75.8290152278,0.045686035381201265,0.006,43.64595211886002,0.47612813115119934,-31.423128128051758,8.04030990600586,1.3065318683653686
159000,56.16530774549959,0.0455959010487208,0.006,43.593211123300684,0.2108275443315506,-21.225299835205078,14.705334663391113,1.2090571854370762
160000,58.75749491370298,0.04550688408396069,0.006,43.54842752069835,0.21577271819114685,-21.066015243530273,17.153841018676758,0.8371857973895194
161000,84.40995346598329,0.0457996050914632,0.006,43.61630023724347,0.25901365280151367,-22.467071533203125,14.582907676696777,0.26926240651630823
162000,91.38131859937552,0.04580445579926428,0.006,43.72070100556053,0.637751042842865,-36.743621826171875,11.67113971710205,1.8285694281332787
163000,82.40204869149935,0.04602151760309721,0.006,43.77543799046692,0.18916423618793488,-20.465105056762695,18.20998191833496,1.4258484400977844
164000,61.909943466712626,0.04596359953877515,0.006,43.74222649686682,0.2207195907831192,-21.44154167175293,15.116896629333496,0.8910925567712625
165000,61.85618393557636,0.045904286016224226,0.006,43.70858509679376,0.22882649302482605,-21.760095596313477,13.791760444641113,0.8517395850969637
166000,58.75883485696223,0.04580533291505084,0.006,43.66438771763954,0.21742752194404602,-21.20146369934082,15.665168762207031,0.8411419974630971
167000,64.86657595218033,0.04576160168419313,0.006,43.64133624854859,0.2855599522590637,-26.28091049194336,11.794013023376465,2.959937382050644
168000,91.140076215341,0.04605671468453566,0.006,43.73902503893206,0.4093436598777771,-31.71837615966797,6.801875114440918,3.7341590922139596
169000,57.99123584310931,0.04596908542395288,0.006,43.69263142153353,0.2713317275047302,-24.40546417236328,22.14379119873047,1.6461851058316699
170000,60.97029992637583,0.045897970071637026,0.006,43.65478218847794,0.23329013586044312,-22.524593353271484,19.784231185913086,1.4392842902093377
171000,87.60765553193689,0.04615029812772204,0.006,43.73112952929959,0.2944404184818268,-24.0172176361084,16.122432708740234,0.2876751070619561
172000,98.17280895672944,0.04703518322198463,0.006,43.85200698232404,0.7450665831565857,-40.818458557128906,4.505746364593506,2.9666153926766032
173000,59.24078060888134,0.04694846097838835,0.006,43.80462725548333,0.21543504297733307,-21.117918014526367,20.900508880615234,0.7860078180414953
174000,65.78599664603215,0.04697470514475142,0.006,43.78634508715008,0.29953107237815857,-24.82083511352539,13.774158477783203,0.8568170869889007
175000,69.75093052370322,0.04699664459086913,0.006,43.78270115851997,0.33389097452163696,-25.61522674560547,15.812496185302734,0.3161384943707189
176000,69.88263817547717,0.04703358411650635,0.006,43.77784611964198,0.323321670293808,-26.870298385620117,11.215999603271484,1.9776091781922702
177000,65.44180359005358,0.046987294541988724,0.006,43.75076731410525,0.271134614944458,-24.542367935180664,22.39474868774414,1.7610881443563553
178000,76.27967993586364,0.047005021826431855,0.006,43.77334029321012,0.49867358803749084,-33.60809326171875,3.8239431381225586,2.696750773480263
179000,80.67627831053179,0.04713997582126079,0.006,43.8077090683244,0.8470123410224915,-42.99083709716797,10.748523712158203,2.6731688852244795
180000,77.17020692997298,0.04746022695104303,0.006,43.823527961426805,0.2547670900821686,-22.29880714416504,17.471338272094727,0.17911950573436414
181000,81.51883621991065,0.047598960930181206,0.006,43.85497161917097,0.7317730188369751,-42.37646484375,9.917007446289062,4.8612839763482345
182000,76.8680880545454,0.047741511716933256,0.006,43.868394977955425,0.3102574646472931,-24.551494598388672,17.166751861572266,0.11646425166446966
183000,84.78150893809165,0.04781754147987462,0.006,43.909480203903804,0.5346328616142273,-32.92066192626953,14.54265308380127,0.8146671511393357
184000,88.2051412802895,0.04812191886811279,0.006,43.9641436135096,0.21576175093650818,-20.60230827331543,17.92401695251465,0.18089251390342176
185000,88.70785636429466,0.04822322391220664,0.006,44.01966330804925,0.43059083819389343,-29.681541442871094,16.541481018066406,0.796093548932317
186000,84.16788730943034,0.048441092821927496,0.006,44.05520112778729,0.6456443071365356,-36.09809875488281,12.221435546875,0.6988637657870159
187000,79.96133233366307,0.048485848728103076,0.006,44.07030856460322,0.40460333228111267,-28.774749755859375,24.59986114501953,0.7423147676786345
188000,91.76789403034806,0.04875598327726809,0.006,44.13400003299882,0.5280203223228455,-32.23031997680664,17.369558334350586,0.1603476736999551
189000,88.67204379958935,0.048856078928928966,0.006,44.17742437453384,0.7505815029144287,-39.15013885498047,9.375190734863281,0.876536464133199
190000,92.14013115487734,0.04899510003280618,0.006,44.23490685897388,0.8632834553718567,-44.00257110595703,-0.6089057922363281,2.9025696377261476
191000,101.99239863900358,0.049299047973338166,0.006,44.33385684246801,0.2867814302444458,-24.902271270751953,18.147945404052734,1.1606129260846028
192000,84.43971329586697,0.04936392259374981,0.006,44.36025630854038,0.7252025604248047,-40.393951416015625,11.44094181060791,2.6172808273347217
193000,86.88185274636324,0.04942911694046005,0.006,44.39310150692988,0.529844343662262,-34.835453033447266,9.884119033813477,2.5215342163745857
194000,97.32567356284959,0.04984109961546179,0.006,44.4651995839286,0.9245648980140686,-44.627159118652344,8.135878562927246,1.8719620533400303
195000,97.43815008670478,0.05016716605290912,0.006,44.53459065631403,0.8740898370742798,-45.4656982421875,2.689546585083008,3.8290742213617466
196000,85.02919910374064,0.05022936282684214,0.006,44.552614317429885,0.302882581949234,-25.243799209594727,21.12429428100586,0.7243677328823832
197000,107.09104376838292,0.05061198247221127,0.006,44.65815323343598,0.27353885769844055,-26.52836036682129,17.055675506591797,3.171724420547399
198000,115.49368626843948,0.05106986381911929,0.006,44.794069487820394,0.24558788537979126,-22.471233367919922,15.15160846710205,0.27271440937442015
199000,86.49957550120735,0.051121291955352546,0.006,44.80890777129501,0.567796528339386,-34.47209167480469,20.457204818725586,0.7075583052732589
200000,89.71155898611896,0.051216216255424815,0.006,44.837498252447816,0.8040627837181091,-42.5322380065918,7.673315525054932,2.326656425894081
201000,90.5396916557784,0.05129453667365882,0.006,44.869016671539036,0.5704706907272339,-36.713348388671875,10.972033500671387,2.824001060347838
202000,127.84908009657343,0.051896294279230024,0.006,45.048322186988784,0.7193745374679565,-46.87201690673828,1.325284719467163,8.663854738811906
203000,60.48404737112801,0.05192065054654658,0.006,44.996110292618106,0.4291960597038269,-30.218780517578125,13.892501831054688,0.7404532799898534
204000,90.22937774433204,0.0519931838293856,0.006,45.016934829796895,0.43169859051704407,-32.19624328613281,20.57497787475586,2.618420164440478
205000,113.17179127499882,0.05236347234020976,0.006,45.12515747748008,0.4346725344657898,-30.09592056274414,18.46697425842285,0.3450420369115242
206000,89.34372717076697,0.052424443984973874,0.006,45.142459161607526,0.6033192276954651,-36.168033599853516,18.964675903320312,1.10424930854572
207000,94.39700532258021,0.05252576998510879,0.006,45.176274113877476,0.7124894261360168,-39.38545608520508,9.824668884277344,1.2525754129817654
208000,96.75999019909112,0.05259498606823574,0.006,45.21624462118315,0.5380303859710693,-35.267127990722656,19.847705841064453,2.1007607875383854
209000,90.14512898805705,0.05259342293492397,0.006,45.23579745283955,0.4948044419288635,-33.09904098510742,19.38910675048828,1.27912239486372
210000,82.37752209449347,0.05260227374307344,0.006,45.231736085862615,0.5373746752738953,-35.92593002319336,17.981740951538086,2.7684255519141034
211000,106.1376785810338,0.05267489281741139,0.006,45.29977913844107,0.7004985809326172,-39.608272552490234,12.328903198242188,1.6942650595957975
212000,119.7758723593859,0.05281611810318254,0.006,45.41694593683855,0.8304723501205444,-44.47457504272461,13.876931190490723,3.08599807063519
213000,123.96048021347194,0.053219700370082425,0.006,45.548898174595884,0.7384150624275208,-42.30725860595703,4.158342361450195,3.166601187685448
214000,141.59028712185153,0.05353103752498013,0.006,45.752716176657515,0.9567417502403259,-46.945098876953125,13.770354270935059,2.1929143594530465
215000,124.90058011384306,0.05370251965882466,0.006,45.87969010189599,0.8764375448226929,-45.96247482299805,12.79678726196289,3.0107162899369815
216000,113.35042397432058,0.05387217524275054,0.006,45.963639767363254,0.7574774622917175,-41.749454498291016,11.561300277709961,1.7458380973490601
217000,140.4984834391495,0.05415082962440654,0.006,46.15097088693614,0.9455565810203552,-46.473663330078125,18.281627655029297,1.5965868393055154
218000,148.21512314502516,0.05448327380438128,0.006,46.36585187199816,0.9303508996963501,-48.15269088745117,4.47409725189209,3.430649537318776
219000,88.95631882564535,0.05461131666564488,0.006,46.369090825414546,0.9623328447341919,-47.533546447753906,3.886967182159424,2.0461369263632574
220000,150.3356820612607,0.05490753823144097,0.006,46.58507662837966,0.9184260368347168,-47.70014190673828,6.385524749755859,3.0555479986546046
221000,126.01935190414011,0.05505134230609665,0.006,46.696075107006614,0.7747861742973328,-41.75870132446289,19.209314346313477,0.6559120136022453
222000,156.90166705088444,0.05546213506020423,0.006,46.9298992683192,0.9540216326713562,-49.10255432128906,-2.895275592803955,3.2642263281969677
223000,65.05704316882432,0.05562164953843562,0.006,46.8771744107022,0.19327378273010254,-20.785486221313477,15.556682586669922,0.17691437003378363
224000,151.30268439359364,0.05593491788550835,0.006,47.077783236828935,0.9842667579650879,-48.15431594848633,-0.1510162353515625,1.4483422246605455
225000,160.04249381413322,0.056314000688065385,0.006,47.30807616062107,0.9053462147712708,-45.65471649169922,15.381114959716797,0.6412303749588334
226000,55.88269847086729,0.05628267763689435,0.006,47.23820346880945,0.19199661910533905,-21.31541633605957,10.57889461517334,0.6168532468714497
227000,152.136973795038,0.05659313493667536,0.006,47.42996650056058,0.9214162826538086,-48.26647186279297,8.70623779296875,2.7382455186778096
228000,144.1386242937204,0.056856559251828025,0.006,47.58495218979951,0.5905454158782959,-39.22404479980469,12.007970809936523,2.656459508103149
229000,118.41264116526801,0.05694401094262361,0.006,47.65080059850034,0.7678272724151611,-45.210960388183594,13.095404624938965,3.4565862586674365
230000,160.99760074567803,0.05732283167075765,0.006,47.8615199567514,0.9813600182533264,-50.70737838745117,8.950411796569824,3.294025516178489
231000,163.9217439651943,0.05769600446376088,0.006,48.07782390498809,0.9766800403594971,-51.188270568847656,2.9192233085632324,3.674342762321754
232000,72.8888933481071,0.05775481110345409,0.006,48.03080926147534,0.4402417540550232,-32.66816329956055,13.781585693359375,0.7993819311160474
233000,161.9200845570468,0.05810071988769628,0.006,48.23153124858993,0.9850702285766602,-50.361820220947266,6.391350746154785,2.4916844742493875
234000,139.14965282856457,0.058338248608267175,0.006,48.34617763668892,1.0306470394134521,-51.16490173339844,9.323302268981934,2.083479992731955
235000,144.45822450042687,0.05858179767602411,0.006,48.475408856497374,0.9120342135429382,-48.148719787597656,9.656822204589844,1.8544707699240943
236000,107.74692130568789,0.05884234988433602,0.006,48.49616666750502,0.8820284008979797,-49.270263671875,7.541448593139648,3.7244257568747376
237000,161.67943920251375,0.05915154214857756,0.006,48.6799845785981,0.878964364528656,-47.55111312866211,5.949594974517822,1.9121191950565422
238000,98.75274997932308,0.05933580360092602,0.006,48.67437268964691,0.05865505337715149,-11.813777923583984,19.39425277709961,0.025426257062643384
239000,90.8382858610335,0.059451855862296045,0.006,48.653905481801566,0.782642126083374,-45.467586517333984,2.887913227081299,2.424906624787732
240000,98.0019414812195,0.05955042488118049,0.006,48.64722582540743,0.28976911306381226,-27.811534881591797,17.5665340423584,1.6246344223113542
241000,123.77251592995098,0.05962629577272032,0.006,48.701887767235434,0.5442188382148743,-37.24147415161133,18.434839248657227,1.3135077676023335
242000,162.1668174395517,0.05991020622387086,0.006,48.872285411861256,1.0061054229736328,-51.03593826293945,8.950761795043945,2.0146859763589746
243000,74.20781163858663,0.05993650781992455,0.006,48.82122818571187,0.1293749064207077,-20.19316291809082,16.607227325439453,2.6327901679550996
244000,106.66489301500371,0.06010684100601725,0.006,48.82925287971765,0.44690611958503723,-33.41097640991211,12.845544815063477,0.7681122818580609
245000,82.6527310370975,0.060162540476730794,0.006,48.79131670022653,0.20863132178783417,-22.730056762695312,23.066341400146484,0.44404776376728394
246000,159.065827083051,0.060446879763599734,0.006,48.944070826699246,0.9954914450645447,-52.212425231933594,4.804210186004639,3.3788086049490302
247000,184.2282592926169,0.06085658351616011,0.006,49.18034330312542,0.9954231977462769,-51.7560920715332,9.783184051513672,2.6884230480797213
248000,192.27814764431466,0.061326549724920514,0.006,49.43882198628694,1.01328444480896,-53.029972076416016,4.218278408050537,3.2638492521778626
249000,95.46251759653434,0.061433959793795095,0.006,49.41815980936117,0.14546115696430206,-19.03141975402832,21.795175552368164,0.18364677062407733
250000,104.78286003215612,0.06158799790877919,0.006,49.414153296343564,0.6673129796981812,-43.552555084228516,12.163424491882324,3.1865136748449276
251000,91.3939873491272,0.06166418905748382,0.006,49.38562563984025,0.10305966436862946,-16.240262985229492,13.56078815460205,0.3860423778064586
252000,104.72493263888941,0.06180607877714031,0.006,49.38096291406615,0.3280434310436249,-28.547351837158203,24.58818817138672,0.264370336706941
253000,199.98951917737514,0.062318583879820644,0.006,49.64944373073384,1.0122982263565063,-53.30701446533203,3.379384994506836,3.3532022561069805
254000,114.51398004085524,0.06263919444549458,0.006,49.65908314212243,0.6871231198310852,-42.42173767089844,11.889961242675781,1.2578893540267393
255000,116.62977931419395,0.06281060825188267,0.006,49.672167443605844,0.651229739189148,-41.019744873046875,12.143524169921875,0.9348963245090444
256000,79.91686530973148,0.06281487529159575,0.006,49.62490053541624,0.5940117835998535,-38.857601165771484,15.584033966064453,0.6106207435943076
257000,181.50022633413482,0.06315648519397284,0.006,49.81042193169138,0.9903130531311035,-53.37784957885742,-1.8302922248840332,3.8092722633468776
258000,184.74873354952405,0.06359622081149337,0.006,50.000696160631605,0.9837608933448792,-52.39497756958008,14.218145370483398,2.8019287324268434
259000,77.81143368626624,0.06364118145888796,0.006,49.94885283908732,0.09520668536424637,-15.684405326843262,20.448637008666992,0.27239713060910764
260000,173.4224295138524,0.06393916781666276,0.006,50.0978279815319,1.0278538465499878,-54.80203628540039,7.779048919677734,4.01129591089773
261000,188.77845504857484,0.06429642708392712,0.006,50.289491131932635,1.0581430196762085,-54.910400390625,7.667696475982666,3.1795746516868553
262000,34.40474222407975,0.06425277323014784,0.006,50.20079427505879,0.04279202222824097,-10.77222728729248,18.97232437133789,0.38757480626514185
263000,173.63730357564322,0.06449899433079338,0.006,50.34206347593644,1.0197817087173462,-53.526329040527344,6.96540641784668,2.6887779696580383
264000,30.218566382329307,0.06443777074172011,0.006,50.25248965020857,0.027202902361750603,-8.621610641479492,19.894046783447266,0.33331572138516996
265000,187.87133312233416,0.06476643880154037,0.006,50.432785905354706,1.0095975399017334,-53.661136627197266,12.504915237426758,2.9869153562678115
266000,181.56810291382425,0.06504447154774169,0.006,50.590017070966105,1.0624940395355225,-53.916778564453125,15.002801895141602,1.7699261479705888
267000,180.15765380671837,0.06534309854652877,0.006,50.73982193561052,1.0699328184127808,-55.00508499145508,8.922459602355957,2.5210521627570968
268000,199.59066098328566,0.06575287544956633,0.006,50.941946932021224,0.971039891242981,-52.156742095947266,13.449944496154785,1.9578548332647
269000,166.10108327946713,0.06595561050982558,0.006,51.04237971930644,0.5867128372192383,-40.95703125,14.751007080078125,1.8600046821628817
270000,182.46937820529112,0.06622151140538231,0.006,51.18307704558237,0.9540255665779114,-52.53713607788086,16.74665069580078,2.544456980288452
271000,147.93224467951023,0.06639194255757813,0.006,51.24045175321434,0.8653794527053833,-49.89252471923828,16.989604949951172,2.225695987458596
272000,177.63889509246408,0.06662886442772256,0.006,51.36248972273991,0.8846481442451477,-51.2921142578125,13.91058349609375,2.9827426489408384
273000,23.735644337130882,0.06658707550478209,0.006,51.27000876173714,0.0046450672671198845,-3.668787956237793,23.157827377319336,0.17449443865408693
274000,23.53877940589081,0.0665446235444095,0.006,51.178361757634065,0.0058510093949735165,-4.156515121459961,11.975958824157715,0.24178529216048616
275000,35.028323695270466,0.06650277199098793,0.006,51.0915518228392,0.4892980456352234,-38.37687301635742,18.909215927124023,2.6384122941593464
276000,131.96553350448067,0.06665370495837385,0.006,51.11447244488716,0.8781155347824097,-50.70610427856445,16.56867218017578,2.807850021323517
277000,173.78147849596493,0.06685602077533781,0.006,51.225612598816724,0.862393319606781,-49.79544448852539,11.133237838745117,2.2247129103848113
278000,97.82576241314072,0.06694724775837388,0.006,51.195237462353944,0.0633869543671608,-13.328587532043457,7.469770908355713,0.43928309369317886
279000,122.63568846750559,0.06703041804473656,0.006,51.19986281950848,0.7060416340827942,-45.58275604248047,16.34154510498047,2.561413157586051
280000,150.64718758050415,0.06715708242347265,0.006,51.25670651933986,0.7926819324493408,-48.36009979248047,12.77487564086914,2.724874976143692
281000,176.99569289915675,0.06736682540169923,0.006,51.37120670029195,0.8971928954124451,-51.89533615112305,8.811066627502441,3.2363894268116025
282000,191.16349316420627,0.06766991112049495,0.006,51.51903830950762,1.035646915435791,-55.040916442871094,5.430078506469727,2.611673736106283
283000,166.28296010311644,0.06785539786640422,0.006,51.60255595791671,0.8767183423042297,-51.52294158935547,10.744943618774414,3.2057989268129212
284000,174.32336870662158,0.06803300620030425,0.006,51.70196064327641,0.9709479808807373,-53.847415924072266,8.656328201293945,2.902011231829263
285000,180.73913946699906,0.06825970603025176,0.006,51.815835007332225,0.894838809967041,-50.11538314819336,11.733444213867188,1.099714944072575
286000,84.75437442812617,0.06828214028432117,0.006,51.76688153140985,0.07128150016069412,-15.59362506866455,17.52899932861328,1.7725955571658178
287000,97.3712520338135,0.06830112487033292,0.006,51.73216846881939,0.47812601923942566,-38.2852668762207,15.510814666748047,2.5142024818807864
288000,194.98219002520298,0.06862048563102563,0.006,51.8781526121777,0.9093945622444153,-51.096893310546875,11.764206886291504,1.6247521962500078
289000,96.91796750462296,0.06867327529301423,0.006,51.8405258562912,0.8088122606277466,-49.669864654541016,9.962211608886719,3.047609983505633
290000,106.93008936041966,0.06872702098440939,0.006,51.81666821676535,0.18000106513500214,-24.94669532775879,15.476881980895996,2.9626784632313954
291000,192.0680786817652,0.06904221351342561,0.006,51.94949826727513,0.930047333240509,-52.04741287231445,15.289972305297852,1.9478553033778874
292000,208.46552692346123,0.06939861833876297,0.006,52.12058281887993,1.0497822761535645,-56.066463470458984,11.662384986877441,2.6642975194355545
293000,158.4263217248995,0.06958862286073986,0.006,52.175248165871096,0.9983678460121155,-53.1478385925293,15.544861793518066,1.0151864029034385
294000,201.7349641470913,0.06992920339820687,0.006,52.322116663669,1.0171294212341309,-54.929405212402344,13.555225372314453,2.1610688452850164
295000,192.27672342787366,0.07018225985573759,0.006,52.44271985776336,0.9267417192459106,-54.08926010131836,14.151984214782715,3.6040037029624457
296000,188.47964602137105,0.07041296568736977,0.006,52.55246440086173,0.9071894288063049,-52.695716857910156,13.340353012084961,2.6413409608691456
297000,180.49576481297152,0.07060890299899023,0.006,52.64260756016836,0.8134788870811462,-49.50236129760742,18.44606590270996,2.022380063424777
298000,177.29583645959698,0.07083365077977011,0.006,52.7246845525502,0.9661878347396851,-55.35765075683594,8.682889938354492,3.531997562313978
299000,180.62496425312966,0.07115315865633842,0.006,52.81272535072713,0.964970052242279,-55.18642807006836,6.286286354064941,3.306959400482034
300000,144.00763525544366,0.07119532955090499,0.006,52.83323157023062,0.4630681276321411,-38.137508392333984,7.883191108703613,2.1849621412492777
301000,136.95477950123382,0.07120746787725939,0.006,52.8429662403021,0.3664228916168213,-34.24691390991211,11.364720344543457,2.2595475137816474
302000,157.05301706776592,0.07130969758921997,0.006,52.883886545866474,0.6560351252555847,-45.520118713378906,16.592769622802734,2.686284308739745
303000,162.47061725117925,0.07189963741055402,0.006,52.93481786860809,0.2359877973794937,-25.864673614501953,21.25491714477539,0.1496930758085615
304000,186.1252083809422,0.07208526809687393,0.006,53.02584460098616,0.7765027284622192,-48.58451843261719,14.53884220123291,1.8584685732761739
305000,187.9490784217812,0.07248904716850522,0.006,53.11865741847917,0.8020766377449036,-48.07344055175781,19.95094108581543,0.5010444336565304
306000,155.8954420150945,0.07260600925108585,0.006,53.15108627260127,0.713007390499115,-47.16898727416992,5.417612075805664,2.288333794460719
307000,159.96755490681508,0.07268728447432836,0.006,53.18887193716941,0.7140926122665405,-47.889095306396484,6.0893096923828125,2.942367409833688
308000,29.359112839041945,0.07264993040278342,0.006,53.105464436458746,0.011240375228226185,-6.2801127433776855,13.233963012695312,0.6498376301588817
309000,153.33004801503373,0.07273760172620258,0.006,53.13307561748775,0.8314586281776428,-50.63682556152344,10.499423027038574,2.1877758673496093
310000,166.93177542148263,0.07297877813670994,0.006,53.18162246344837,0.7720036506652832,-48.41303253173828,11.045602798461914,1.6856736445070064
311000,178.52637768803856,0.07314798500464881,0.006,53.25091761295651,0.870480477809906,-53.160987854003906,10.160196304321289,3.47812591642796
312000,180.70861172658203,0.0733202631801264,0.006,53.32165492208398,0.910290002822876,-52.35892105102539,12.120515823364258,1.4851998727452793
313000,174.64189362034142,0.07349194246804573,0.006,53.379305981296085,0.8895719051361084,-53.433128356933594,4.588618755340576,3.087300950094584
314000,181.19843060910802,0.07399561129448325,0.006,53.44729683520248,0.9535118341445923,-55.34083557128906,14.127971649169922,3.1506578903807783
315000,172.94153390351383,0.07417491066625827,0.006,53.497548835510905,0.851362943649292,-52.382266998291016,19.622295379638672,3.0204383053270405
316000,181.10023572017823,0.07434785840947895,0.006,53.559234609733146,0.9122803211212158,-54.54825210571289,13.223835945129395,3.3920248748513027
317000,185.44329698182074,0.07462883518638415,0.006,53.62812088627663,0.7489485740661621,-48.6178092956543,9.766876220703125,2.2070626948127283
318000,152.87749316389858,0.07491978956659243,0.006,53.648223294971636,0.4383014440536499,-37.162010192871094,3.780083656311035,1.6445590320797316
319000,169.0040329502274,0.07500623228369507,0.006,53.68664767404895,0.6995634436607361,-47.949771881103516,8.6270751953125,3.0463067870441334
320000,174.08385792562996,0.07510577951433571,0.006,53.73318401358442,0.8285291194915771,-52.25894546508789,13.071510314941406,3.349078785650508
321000,224.77663953085076,0.07612582299736843,0.006,53.871397504789186,0.8802310824394226,-56.723880767822266,7.235649108886719,6.181395859729005
322000,173.58014255875148,0.07627070660798675,0.006,53.91164004377548,0.7236965894699097,-48.25075912475586,7.3274030685424805,2.3879334071412766
323000,228.39759921862662,0.0771823306551144,0.006,54.04831414519573,0.3306143581867218,-32.069580078125,17.792877197265625,0.9923010896818951
324000,190.2395250631708,0.07736476869250834,0.006,54.11090523372346,0.8914756774902344,-54.40333938598633,5.361193656921387,3.3129110402945563
325000,191.86020376897943,0.07802240156261435,0.006,54.17446712938191,0.8817011117935181,-55.7125244140625,16.38024139404297,4.843273018604823
326000,168.2408015001886,0.0782204494304789,0.006,54.20175786872058,0.7660998702049255,-50.615657806396484,6.825160503387451,3.1744131344741033
327000,205.5586417060457,0.07843446986561374,0.006,54.28433469674337,0.9211441874504089,-55.290767669677734,7.669034004211426,3.1906935654123054
328000,212.62222298554204,0.0786616345630847,0.006,54.37672205684659,0.7990911602973938,-51.82973098754883,19.416915893554688,3.221346896007861
329000,199.0566011588799,0.07887234907930266,0.006,54.44484622079375,0.8554047346115112,-52.760189056396484,12.585733413696289,2.405191455722169
330000,167.69924880249656,0.07947013503861335,0.006,54.467005727008505,0.5613672733306885,-46.904850006103516,11.187141418457031,6.095748550556406
331000,209.58318462746843,0.07967187981885726,0.006,54.54862169055289,0.7988921999931335,-51.619544982910156,13.736225128173828,2.86356621786693
332000,209.80748431416248,0.07987534448806899,0.006,54.62954067311856,0.9235528707504272,-55.40663146972656,9.916449546813965,2.9067378514008473
333000,109.66902634425354,0.0801949443240058,0.006,54.588758401818104,0.02210838347673416,-8.07971477508545,12.354941368103027,-0.037025766691562864
334000,206.14996943572456,0.08037942757987969,0.006,54.66191580093179,0.7672467231750488,-48.69217300415039,10.367765426635742,0.8123713823018449
335000,130.7824339847369,0.08070157631898647,0.006,54.63852737616492,0.38200750946998596,-38.38545227050781,17.36754608154297,4.6151501791379035
336000,142.83049565619086,0.0810019795210733,0.006,54.626257643536135,0.1506432592868805,-21.174875259399414,23.397911071777344,-0.02709958530813375
337000,204.57386711015275,0.08117217887412531,0.006,54.69200548148735,0.5641444325447083,-42.11113739013672,20.718799591064453,1.032219400463964
338000,209.0172712331249,0.08135270310942626,0.006,54.763152126172386,0.5590709447860718,-43.65355682373047,18.068580627441406,2.706571691860119
339000,117.16376955507748,0.08139589152736482,0.006,54.72841305982025,0.16835534572601318,-23.261398315429688,9.905326843261719,0.8057118911167189
340000,112.38322783218808,0.08144038059901379,0.006,54.68800171195064,0.14011013507843018,-21.081457138061523,12.438961029052734,0.6110337750335013
341000,144.2172897139964,0.08171597420456453,0.006,54.675723631995396,0.2556590735912323,-28.366531372070312,12.803102493286133,0.7209878362823464
342000,118.19742158035855,0.08179891360784008,0.006,54.6390773175953,0.2868938744068146,-32.43138122558594,18.505277633666992,3.1653380963557325
343000,130.97372962134136,0.08188347338715496,0.006,54.61368376011038,0.21104121208190918,-27.419002532958984,12.658897399902344,2.3299001660151775
344000,116.44061350684504,0.08187736094144403,0.006,54.57627287911878,0.3614691495895386,-35.74929428100586,23.881206512451172,2.936784719667674
345000,177.83123689181977,0.08194587121380775,0.006,54.60193569657145,0.5291312336921692,-41.31622314453125,18.789661407470703,1.5980083154577067
346000,137.817514265631,0.08207303046056948,0.006,54.58267530208874,0.16127775609493256,-22.086278915405273,19.531896591186523,0.16620230338236378
347000,143.1976077889383,0.08230208573932764,0.006,54.56814551779304,0.20037692785263062,-25.15898895263672,10.859845161437988,0.7323865181617211
348000,124.81732570703576,0.08238946660087626,0.006,54.537047414093735,0.2772246301174164,-30.05433464050293,25.18058204650879,1.3394170599231674
349000,159.17944856471954,0.08243238188094237,0.006,54.53915345711438,0.31884780526161194,-31.83009910583496,15.199374198913574,1.0336898219223882
350000,153.07748023727368,0.08259614389917531,0.006,54.533980524128644,0.3212833106517792,-33.68744659423828,16.037616729736328,2.7765738889362765
351000,132.78456788000693,0.08261787095311354,0.006,54.509776632039895,0.18311569094657898,-26.174358367919922,16.198026657104492,2.8485245501578684
352000,182.94322185856328,0.08271870581619974,0.006,54.53957372445817,0.7092525362968445,-48.99500274658203,12.033792495727539,3.0633417018101037
353000,119.22749025943655,0.08269974159362029,0.006,54.504191857037824,0.3160399794578552,-32.062660217285156,18.632484436035156,1.4218015927600585
354000,145.75173054677248,0.08278958006644192,0.006,54.49180588779155,0.19497409462928772,-24.63303565979004,19.84944725036621,0.5717029178694865
355000,142.766564019701,0.08289988993771412,0.006,54.476528860645686,0.2581735849380493,-30.449132919311523,19.16973114013672,2.769182414289557
356000,137.0222489924334,0.08306846259180932,0.006,54.45588995753247,0.32685387134552,-33.487300872802734,17.135234832763672,2.3542459777146134
357000,150.41101530520092,0.08316315144833951,0.006,54.44742856424725,0.30974069237709045,-30.730663299560547,19.56134033203125,0.4282975327357298
358000,206.5324749368838,0.08330867284495162,0.006,54.50573255091885,0.79973304271698,-51.443450927734375,11.427085876464844,2.7001745954366987
359000,127.49670499344536,0.08330840761405434,0.006,54.476665189530536,0.27239274978637695,-28.736103057861328,29.755096435546875,0.30404398983470254
360000,211.90066963836634,0.08346343719351333,0.006,54.542080264261244,0.8032221794128418,-51.95914840698242,7.329679489135742,3.0770836580159275
361000,167.70213422867275,0.08353577918016457,0.006,54.55100652362533,0.6246763467788696,-44.098018646240234,19.359161376953125,0.9828271751043814
362000,155.0557027207295,0.08369806443899555,0.006,54.54473877087299,0.24401354789733887,-28.662704467773438,25.972564697265625,1.7188441806449206
363000,132.24542468868174,0.0837247566481488,0.006,54.51900423365183,0.4084373116493225,-35.150047302246094,22.173351287841797,0.3074434261151756
364000,95.01469260299346,0.08374936050464263,0.006,54.46913095468003,0.6475815176963806,-46.81623458862305,12.388278007507324,2.9835876270343844
365000,193.26423757660635,0.08386286456904285,0.006,54.506487793906814,0.6857287287712097,-46.624027252197266,20.911848068237305,1.4878907160488004
366000,135.72943236175098,0.08393043003424007,0.006,54.48396116117502,0.37834033370018005,-34.7851448059082,14.122518539428711,1.2723991465628373
367000,130.1994155503154,0.08396553486021105,0.006,54.45706579384469,0.3049785792827606,-30.417865753173828,19.58451271057129,0.344025970604124
368000,137.28158147753598,0.0840141504019023,0.006,54.43596014765991,0.32538363337516785,-31.939340591430664,9.95602035522461,0.8877586042230152
369000,168.0250251030278,0.08442264000253862,0.006,54.4421941440616,0.24434316158294678,-28.096527099609375,14.980353355407715,1.1851614817531348
370000,136.94289213780328,0.08444602124943099,0.006,54.419685296660774,0.24849359691143036,-28.402685165405273,23.32085418701172,1.2749445874524579
371000,144.39915389242756,0.08453691027497462,0.006,54.40391015549572,0.2436373233795166,-29.44243049621582,20.912517547607422,2.5888591977384365
372000,114.27018249146803,0.0845671212338351,0.006,54.366746097577014,0.5632568001747131,-42.826290130615234,13.636994361877441,2.023810224035604
373000,168.51341413469635,0.08478905641540481,0.006,54.37355125384189,0.9792202711105347,-58.0601692199707,9.121956825256348,4.254518518208496
374000,169.99703470463007,0.08483902395938404,0.006,54.381938759709506,0.5482980012893677,-41.97795486450195,22.18380355834961,1.7096800218634196
375000,165.2020387254876,0.08486926028057099,0.006,54.38536211702275,0.4064550995826721,-36.823486328125,17.92279815673828,2.1507337752155906
376000,162.4771850158203,0.0848859942243313,0.006,54.38673243485451,0.29438820481300354,-30.0814266204834,20.11717414855957,0.5725139549237143
377000,153.3273975000572,0.08497315852559513,0.006,54.37837557993853,0.28514471650123596,-29.358434677124023,28.394012451171875,0.3209579371313506
378000,153.67174340226825,0.08510648464361352,0.006,54.36996284838294,0.924893319606781,-59.06870651245117,7.644782066345215,6.780365629758385
379000,189.39682117937295,0.0851952459864621,0.006,54.39868024906962,0.628143310546875,-45.307350158691406,11.897560119628906,2.1934092158651044
380000,152.456398847147,0.08529603019335583,0.006,54.38938081884348,0.37307384610176086,-34.9428825378418,7.9415130615234375,1.721974362322144
381000,188.23364087536,0.08560295967379986,0.006,54.41459225906873,0.4266689419746399,-36.69415283203125,19.046358108520508,1.150593231433304
382000,165.26505700110118,0.0856836195469929,0.006,54.41590805863276,0.3773602545261383,-36.51720428466797,22.445383071899414,3.0897008168521043
383000,171.945788319259,0.08577920838760475,0.006,54.42329164951549,0.5559052228927612,-42.407875061035156,12.72567367553711,1.8303868299742458
384000,188.84699733218935,0.08585622681102363,0.006,54.44921280753455,0.6388166546821594,-44.68815612792969,16.921451568603516,1.1690761542158608
385000,136.9798952097874,0.08591199258379789,0.006,54.42657743325481,0.38996753096580505,-36.864295959472656,19.143905639648438,2.876323635003733
386000,197.9164964091715,0.0861099716423227,0.006,54.46020625584579,0.364902526140213,-35.593055725097656,18.627946853637695,2.6951876961210277
387000,112.48974375993006,0.08613939980877518,0.006,54.42137502806028,0.5853829383850098,-44.122528076171875,19.155075073242188,2.4845582005341065
388000,192.08682348214276,0.08639886284994913,0.006,54.44992929885774,0.5063413977622986,-42.80426025390625,11.273576736450195,4.058960332633227
389000,206.52877547855059,0.08649722707300833,0.006,54.49225436753393,0.7100008726119995,-48.56834411621094,9.272841453552246,2.6523237715666905
390000,188.06785542921824,0.08687134067032662,0.006,54.51444653276448,0.7130321860313416,-48.90050506591797,14.63931655883789,2.867835970109476
391000,179.1478722394427,0.08689800401290926,0.006,54.526142106978845,0.5323973894119263,-42.59729766845703,6.613184928894043,2.8119902054982546
392000,172.07224732537765,0.0870014077422552,0.006,54.531369935655924,0.4139750003814697,-35.60643005371094,12.74064826965332,0.5204593583044488
393000,199.76901209029734,0.08708589912114614,0.006,54.56469049544935,0.6557109355926514,-44.878021240234375,21.931686401367188,0.6937315406688597
394000,201.91655146454787,0.08717458545812615,0.006,54.599424074006826,0.7879654169082642,-50.616031646728516,16.732681274414062,2.1495366307132584
395000,214.8140290115604,0.08728803346193602,0.006,54.64864194534531,0.5744300484657288,-42.23081970214844,10.362897872924805,0.8119750111047785
396000,198.06581341318815,0.0873720169202102,0.006,54.67882125978968,0.698251485824585,-47.68938064575195,13.734733581542969,1.9989686552876034
397000,187.68998395993225,0.08746802771230287,0.006,54.69799851880792,0.797951340675354,-51.42184829711914,19.40204620361328,2.561155843498967
398000,210.4078097851379,0.08757055118446457,0.006,54.7402586766042,0.7296010255813599,-49.675968170166016,13.247541427612305,2.9186583638407186
399000,164.4268373312966,0.08779339545858421,0.006,54.73739900514049,0.3548497259616852,-33.7491569519043,20.710033416748047,1.1424914570165168
400000,191.26821325116038,0.08804164097857974,0.006,54.75743340997145,0.5610633492469788,-43.651145935058594,20.88583755493164,2.6355489557146066
401000,192.39994938345689,0.08823452244224261,0.006,54.77787991554636,0.5117778778076172,-42.60191345214844,21.391319274902344,3.4145574685213456
402000,197.9648527244041,0.08830625045994848,0.006,54.804215239486666,0.6293950080871582,-46.294837951660156,7.233619689941406,2.8162331760581454
403000,189.60685855560806,0.08839783286904432,0.006,54.82151552588924,0.6242024898529053,-46.13785171508789,23.41781234741211,2.825299402749942
404000,169.73321511000972,0.08842760051935263,0.006,54.82062865285702,0.46112561225891113,-39.07908248901367,19.29656219482422,1.8524593573385366
405000,179.2637457023842,0.0884779973913084,0.006,54.827939863457175,0.6484321355819702,-46.963951110839844,13.949836730957031,2.8135961037325363
406000,175.3544564252334,0.08855267158891696,0.006,54.83205028217072,0.7097317576408386,-50.80946350097656,11.733749389648438,4.615883934440368
407000,199.67054216711313,0.08862446563432708,0.006,54.85878289691565,0.6086726188659668,-45.463043212890625,8.362955093383789,2.663605081776705
408000,175.81857856381075,0.08865683262177641,0.006,54.86311362848059,0.29512861371040344,-30.400081634521484,15.328545570373535,0.5952859766773902
409000,186.12889965760078,0.08871413285122272,0.006,54.876171603998685,0.569882869720459,-44.10774612426758,17.842309951782227,2.681402777606551
410000,169.60937445952547,0.08875564996723297,0.006,54.87438013180943,0.44893747568130493,-38.2310905456543,18.862651824951172,1.4637181691189118
411000,180.79767118549262,0.08893281887265528,0.006,54.88266048406844,0.42300447821617126,-35.955352783203125,10.931790351867676,0.2603336444253581
412000,156.23657885192003,0.08895000263352912,0.006,54.87003301722433,0.5234459042549133,-41.83513259887695,6.624411582946777,2.1369039280042177
413000,168.13251520615387,0.08899212850096447,0.006,54.866646481755,0.5393221974372864,-42.74082946777344,18.056739807128906,2.447555852905579
414000,201.92049106366585,0.08905435141112793,0.006,54.893896847383346,0.5860214829444885,-44.8198127746582,11.65859317779541,2.797413166321546
415000,197.9880488776772,0.08934291351607304,0.006,54.91644916330806,0.8010691404342651,-52.1494255065918,18.954050064086914,2.9978495166666996
416000,186.98221367269664,0.08950875844061815,0.006,54.92879900523563,0.9853666424751282,-59.15411376953125,6.136717319488525,4.628691252618247
417000,200.10521260616258,0.08956259373633749,0.006,54.95310725957968,0.5118412971496582,-41.1812858581543,9.316741943359375,1.8661381434869226
418000,194.32612746982596,0.08961388351971719,0.006,54.97208805806632,0.5708948373794556,-44.23411560058594,12.331838607788086,2.6985333576212027
419000,200.32255934574695,0.08967285101062987,0.006,54.996385249615535,0.5036614537239075,-41.46590042114258,19.614280700683594,2.435457399414069
420000,210.5433704208525,0.08998279057874282,0.006,55.029527057215496,0.7665460109710693,-50.35068893432617,14.790433883666992,2.170900831022286
421000,234.57589351106947,0.09040202816154172,0.006,55.08666186809148,0.3923225998878479,-35.54548263549805,25.357202529907227,1.0415853701070505
422000,158.17783596013044,0.09043160610976277,0.006,55.07427814227104,0.524094820022583,-42.31005096435547,12.686424255371094,2.4393577329123257
423000,187.9515292067544,0.0905400548075446,0.006,55.0850631985222,0.41680631041526794,-38.07939147949219,22.051258087158203,2.5161779799831248
424000,173.69092489041878,0.0906136152599348,0.006,55.084165062433485,0.6937868595123291,-49.87603759765625,10.330327987670898,3.99430578076895
425000,231.2749426531729,0.09108511585912812,0.006,55.1349998864688,0.8312709331512451,-51.262107849121094,25.373676300048828,0.9932898309775415
426000,195.09970906753352,0.09140885726931615,0.006,55.150120156389356,0.3541470468044281,-34.795780181884766,19.99943733215332,1.9758023153072974
427000,235.6132683113148,0.0919004138014016,0.006,55.20231046559301,0.4029946029186249,-36.215972900390625,16.73025131225586,1.1725238755183252
428000,126.58684504328619,0.09188902167620434,0.006,55.16923414418852,0.4183427393436432,-38.28045654296875,7.340700149536133,2.5973161580039803
429000,219.96860234383794,0.09215896698785916,0.006,55.20478457582755,0.6185978055000305,-45.17995834350586,17.93740463256836,1.7608504428642406
430000,220.03026409664164,0.0925597005598918,0.006,55.239679499958754,0.5668837428092957,-41.908042907714844,25.707252502441406,0.31715742611451675
431000,188.36821833413904,0.09269091901013589,0.006,55.24613950301154,0.2511526942253113,-27.832061767578125,24.18133544921875,0.1453833683438702
432000,244.30536140920043,0.09322451707181335,0.006,55.303090034741885,0.3615836203098297,-35.128360748291016,16.041473388671875,1.8736052501313825
433000,213.79519401253015,0.09366929733129076,0.006,55.32934867406549,0.29066023230552673,-32.10213088989258,21.710548400878906,2.272466762189446
434000,185.09959728643923,0.09378293710771352,0.006,55.331369562357565,0.4571646749973297,-40.11289978027344,18.294328689575195,2.7011683684417753
435000,216.89390594494853,0.09384730329404761,0.006,55.359495027013956,0.5220666527748108,-42.431907653808594,11.570578575134277,2.432359108001281
436000,140.7303788384622,0.0938459296098901,0.006,55.33189041416646,0.3909739851951599,-36.051429748535156,16.06434440612793,1.4535513779055045
437000,203.73343431085976,0.09387732164917653,0.006,55.34883889978727,0.5908589363098145,-45.158203125,8.663434982299805,2.613015874989853
438000,205.8467713807543,0.09391309746031891,0.006,55.367694509358046,0.5090336203575134,-40.59185791015625,22.880773544311523,1.0888926061969042
439000,213.37207177522095,0.09396473267154869,0.006,55.39270842376115,0.5753479599952698,-43.820404052734375,13.634328842163086,1.8040965889925096
440000,204.60089930728705,0.09400818733447106,0.006,55.41018429786781,0.5850529670715332,-45.0307731628418,15.336541175842285,2.648211475535106
441000,204.28227622541934,0.09405168128131736,0.006,55.427438970216535,0.6368457078933716,-46.89407730102539,14.578067779541016,2.66152886594935
442000,123.37496448752698,0.09404138323440875,0.006,55.39160218562569,0.1676541566848755,-23.02924156188965,17.550418853759766,0.34882144832738343
443000,108.98643112413532,0.09401339408623614,0.006,55.348973982987744,0.15041762590408325,-22.42367935180664,27.26018524169922,0.957294526249973
444000,205.8797042624749,0.09405245574576972,0.006,55.368133491890994,0.6404629349708557,-46.591957092285156,15.920075416564941,2.2814338055747228
445000,85.00329562359317,0.0940078868481275,0.006,55.31740285079023,0.03386683762073517,-10.416365623474121,14.672775268554688,0.2363348449685171
446000,174.80492207011415,0.09400365078262042,0.006,55.31270040174926,0.07619792968034744,-15.482220649719238,14.950912475585938,0.2137186664657076
447000,147.59422382510604,0.09402010386580201,0.006,55.29156647391206,0.3356497883796692,-34.058433532714844,17.56645965576172,2.025105613404284
448000,191.1906276179897,0.09404846917256288,0.006,55.298061485327175,0.5656641721725464,-43.954036712646484,21.081531524658203,2.3640047770982697
449000,105.25764396456047,0.09401289397813765,0.006,55.25691126780364,0.1820603758096695,-25.421615600585938,7.331663131713867,1.8443007399097653
450000,102.36695996128252,0.09400623084807119,0.006,55.21303549720949,0.08424151688814163,-16.082794189453125,10.700604438781738,0.05754869475180571
451000,196.62758187059745,0.09402702144216611,0.006,55.22397586835369,0.44390636682510376,-39.39710998535156,22.67586898803711,2.6034217270992293
452000,209.65012604001373,0.09406388384549268,0.006,55.24645468551492,0.5392258167266846,-43.15289306640625,14.085395812988281,2.5843143617895277
453000,208.75878039988473,0.09412272513849655,0.006,55.26783857196439,0.5385817289352417,-43.05952835083008,17.779930114746094,2.499493469123875
454000,149.13565230749646,0.09420468985812495,0.006,55.247072334813204,0.37727048993110657,-34.69001770019531,16.709020614624023,0.7559648276943417
455000,133.46786390932328,0.09422531228466267,0.006,55.217907485070484,0.1879056841135025,-24.343807220458984,15.454347610473633,0.40789937574081114
456000,200.8998680743313,0.09426146782256557,0.006,55.232387696954454,0.4385721981525421,-39.19526290893555,13.390687942504883,2.6177348334597705
457000,129.2260998209471,0.09426166124139984,0.006,55.20118732234688,0.11222872138023376,-18.51592254638672,24.521595001220703,0.02321831379920794
458000,213.0262577691333,0.09430687814354415,0.006,55.225352061227746,0.678935706615448,-48.199527740478516,7.444347381591797,2.695187756281357
459000,190.67827728612153,0.09433645600037238,0.006,55.23179119399092,0.6276820302009583,-46.256568908691406,10.409170150756836,2.4984178784156197
460000,203.72732118792865,0.09436110933886036,0.006,55.2480544156571,0.4586409628391266,-39.56561279296875,12.337052345275879,2.149954611668273
461000,205.16766929816723,0.09439454723057387,0.006,55.265206755717195,0.5417718291282654,-42.32087326049805,25.161020278930664,1.6428385500166922
462000,208.09027709159588,0.09443388028006645,0.006,55.284336794222206,0.583415687084198,-44.82652282714844,14.758489608764648,2.599432102776355
463000,152.6287758445118,0.09453312902744748,0.006,55.26544972407957,0.11881314218044281,-20.44548988342285,17.266843795776367,1.3958864888290348
464000,125.54176103230068,0.09452559442619957,0.006,55.23286857439976,0.2672863006591797,-30.034801483154297,18.701566696166992,1.4795516741525045
465000,190.70946665363567,0.09454426783967476,0.006,55.238127301308076,0.5422701239585876,-43.25397872924805,16.06171989440918,2.5771771329702777
466000,173.63319504985841,0.09454805244997332,0.006,55.23162133039929,0.5404199957847595,-43.250274658203125,11.611845016479492,2.6477084816564336
467000,165.6577689856022,0.09455304296325694,0.006,55.2200660167782,0.44763267040252686,-37.87857437133789,15.879701614379883,0.9333941073124
468000,145.2450085732092,0.09455213843690531,0.006,55.19692304121585,0.30716827511787415,-30.89188575744629,18.773889541625977,0.3002260860460768
469000,191.47420163511308,0.09456427020243262,0.006,55.20266481693601,0.5486893653869629,-43.527034759521484,19.93315315246582,2.636449844966543
470000,147.43686678696315,0.09461375466264828,0.006,55.182258923203854,0.549565851688385,-42.719635009765625,12.63105583190918,1.8115332706632903
471000,173.63231934150093,0.09462192688579474,0.006,55.175797416739435,0.4790520668029785,-40.72078323364258,12.808168411254883,2.531636334042372
472000,166.95256786280376,0.094624206396874,0.006,55.1655462816394,0.16509279608726501,-22.64047622680664,24.42926788330078,0.22582455428300213
473000,136.22603713254048,0.09459191464808024,0.006,55.13797858265631,0.4677044451236725,-39.02471160888672,15.78421401977539,1.3164424180109944
474000,204.17282564935266,0.09462726910605346,0.006,55.15315596478456,0.6627357602119446,-47.65119552612305,12.856477737426758,2.751791938819179
475000,148.06572721635592,0.09463836180642855,0.006,55.131943343886284,0.17098252475261688,-23.815309524536133,20.93942642211914,1.0182327222071248
476000,154.27970313810644,0.09465198219683442,0.006,55.11431277501907,0.19352710247039795,-24.89752197265625,16.758716583251953,0.6517901756023543
477000,151.50574205212243,0.09464040099359154,0.006,55.09587727454848,0.24910083413124084,-30.29642105102539,16.623048782348633,2.79806781028401
478000,149.29293758012986,0.09468467118146859,0.006,55.075791636270154,0.14759430289268494,-23.371973037719727,16.45651626586914,2.212953465752059
479000,166.7998891061312,0.09468823174768227,0.006,55.065666277831475,0.43363481760025024,-38.673091888427734,10.506622314453125,2.4118213285038053
480000,176.25600252396606,0.09467890780635829,0.006,55.061206621721865,0.46290937066078186,-38.968624114990234,20.042701721191406,1.5063851926397018
481000,175.44780707037523,0.09478458136185275,0.006,55.0563578831813,0.17759980261325836,-24.69537353515625,21.575092315673828,1.493197706884065
482000,194.29435181515737,0.09478854134126245,0.006,55.064592312277604,0.4980207085609436,-39.62744903564453,15.657212257385254,0.7680469007089105
483000,196.2021980264712,0.09480150876252966,0.006,55.07448651001637,0.5105232000350952,-42.03007507324219,8.514226913452148,2.678855388493225
484000,146.4721622428001,0.09483826532328513,0.006,55.05280222458087,0.1510424017906189,-21.57209587097168,20.458070755004883,0.17628061582525803
485000,171.78329390355498,0.09493882882714773,0.006,55.04554570643577,0.23077046871185303,-27.23031234741211,15.039323806762695,0.787216879610374
486000,187.83873421883828,0.09496095874521175,0.006,55.04888792735379,0.5382840633392334,-42.31514358520508,16.870128631591797,1.926960099485547
487000,140.44640080585452,0.0950038113282087,0.006,55.024115516093616,0.3081177771091461,-31.371095657348633,15.901397705078125,0.8281103102159876
488000,205.95029495826668,0.09503713897692184,0.006,55.04092674763281,0.6189310550689697,-45.95414733886719,11.42490005493164,2.6522562267503824
489000,203.39485214895325,0.09507509192667533,0.006,55.055548251455754,0.5514141917228699,-43.3046989440918,12.723691940307617,2.4219528104270465
490000,197.1921798314599,0.095084034678656,0.006,55.066018461986395,0.5366151928901672,-42.88855743408203,10.734529495239258,2.550485716326977
491000,164.99280082236035,0.09514098291724847,0.006,55.053900819883225,0.20389829576015472,-25.568450927734375,25.36815643310547,0.7088062414409904
492000,181.37003966731746,0.09514649370714416,0.006,55.05284951303509,0.4216402471065521,-36.70686721801758,18.82866668701172,0.958941055160126
493000,208.42794675760433,0.0952014202129177,0.006,55.06984891849685,0.5210121273994446,-42.32865905761719,16.157337188720703,2.5785962065296264
494000,184.9862102024369,0.09518564811804206,0.006,55.070343905519,0.3810662627220154,-35.11444091796875,23.794662475585938,1.1192102925388507
495000,169.049867148884,0.0951599177144418,0.006,55.06098130424868,0.4802679419517517,-40.24006271362305,15.244050979614258,2.0820493910171023
496000,177.83322192196871,0.09514564134383889,0.006,55.05732354970648,0.3233104348182678,-32.20408630371094,20.178871154785156,0.8982763672487304
497000,85.32310502931115,0.0950799060439,0.006,55.013494849515645,0.08639807999134064,-16.894315719604492,16.877655029296875,0.7238962066627608
498000,185.87205930623543,0.09507074609226118,0.006,55.01544253527909,0.44048017263412476,-37.79816818237305,10.662901878356934,1.285142392054187
499000,186.71344024934623,0.0950646292225954,0.006,55.017756585088584,0.44632670283317566,-38.939334869384766,17.952796936035156,2.1832401008073017
500000,193.72685515068946,0.0950641881806546,0.006,55.02440229101622,0.5165586471557617,-40.79601287841797,19.49543571472168,1.2488680281862474
501000,192.5758281969865,0.09506655880676773,0.006,55.03027091567043,0.5340160727500916,-41.869972229003906,19.103845596313477,1.655833116710756
502000,136.4302568990501,0.09504387592677367,0.006,55.004052556058404,0.32201674580574036,-32.28244400024414,22.236343383789062,1.0695607019665467
503000,143.7890475599579,0.09504435010225415,0.006,54.981727551586175,0.16983410716056824,-25.10321044921875,18.9595890045166,2.44472782914727
504000,150.23972994992116,0.09509198846903755,0.006,54.96278715949182,0.26470181345939636,-29.170345306396484,13.897489547729492,0.8924406145111872
505000,204.1015852875562,0.09511073668456801,0.006,54.977590547160474,0.4949304163455963,-40.637271881103516,13.349750518798828,1.9598243856719646
506000,191.36528925214014,0.09513005909154068,0.006,54.983058040140385,0.5425513386726379,-43.12173843383789,16.591821670532227,2.622270513872971
507000,197.12808218309857,0.09514846491382377,0.006,54.99214446977067,0.5503115653991699,-43.337398529052734,10.874021530151367,2.542582607928367
508000,171.54055300728007,0.09519602834903523,0.006,54.98474896235808,0.32752466201782227,-31.411636352539062,25.120906829833984,-0.05600597904174354
509000,158.0523443729533,0.0952282386884667,0.006,54.96996143216298,0.6259846091270447,-45.043453216552734,21.363704681396484,1.5516668058614695
510000,189.25340579277506,0.0952393811531393,0.006,54.97323035739957,0.4509446322917938,-37.26164245605469,22.106245040893555,0.34579501242607347
511000,162.4633393215938,0.09525898947840569,0.006,54.9607870025684,0.4825688302516937,-40.486061096191406,14.530405044555664,2.306354609848226
512000,171.34747491961903,0.0953472540666866,0.006,54.95326274814219,0.25429457426071167,-29.596996307373047,19.780269622802734,1.8853699212152573
513000,165.32514446530348,0.09537455072212284,0.006,54.942202994320006,0.5160800814628601,-39.98931884765625,24.085285186767578,0.5195458260566124
514000,206.46446276401903,0.09539321260535744,0.006,54.956681912305875,0.4941043555736542,-39.840877532958984,17.792036056518555,1.2104215281012476
515000,227.2373314839295,0.09585515009337484,0.006,54.98638850298338,0.448080450296402,-41.14826202392578,12.045660972595215,4.3410259257464086
516000,141.9850071249181,0.09586090199957638,0.006,54.963253050317306,0.16354317963123322,-22.403474807739258,15.118573188781738,0.17607452819070513
517000,245.63564565377771,0.09626467687539267,0.006,55.00636241086398,0.5610368847846985,-43.73161697387695,21.24462890625,2.530531823560275
518000,176.10274143362483,0.09624715490401667,0.006,55.000253945957446,0.42187264561653137,-37.98249435424805,19.939302444458008,2.2588819747864886
519000,219.35222901841462,0.09645016903058867,0.006,55.02239905909262,0.5301356911659241,-40.11315155029297,18.492656707763672,0.05111209293439198
520000,201.86726771653022,0.09668214222404319,0.006,55.032386164214124,0.23794341087341309,-29.152711868286133,15.168073654174805,2.3082208970702416
521000,217.01519220220615,0.09686982587777224,0.006,55.05168974233482,0.2956674098968506,-32.797515869140625,20.7125186920166,2.862990976593418
522000,224.81436244302463,0.09705578610080878,0.006,55.07614997767695,0.3519729673862457,-34.5732421875,24.6972599029541,1.8980428634294677
523000,203.23871516207126,0.09706937918302733,0.006,55.085214852303764,0.4425446391105652,-37.8301887512207,19.99178695678711,1.1852805125547978
524000,205.17324665725673,0.09707871663920056,0.006,55.095786634436436,0.4652143120765686,-39.69194412231445,22.533035278320312,2.1129654836667253
525000,208.16286506673663,0.09709283164982052,0.006,55.10842241627483,0.48210570216178894,-40.80767059326172,16.423625946044922,2.543780957126532
526000,218.77051945017683,0.09749287503144793,0.006,55.1277308491917,0.22458207607269287,-26.1734619140625,30.103939056396484,0.04837952768526496
527000,187.02359051686844,0.09781069133458505,0.006,55.12662789354939,0.11129157245159149,-19.20765495300293,1.4339237213134766,0.8171956400663873
528000,191.54063745801778,0.09780799896176677,0.006,55.1272812025194,0.34818893671035767,-33.38616943359375,18.886062622070312,0.8569174369841405
529000,211.50212909805842,0.09821925190056446,0.006,55.14111417819644,0.3849622905254364,-36.685768127441406,20.098487854003906,2.4732825127940536
530000,201.91792434954075,0.09832821222352058,0.006,55.14772024254642,0.3220074772834778,-31.57480812072754,18.52962875366211,0.2808461733917096
531000,204.24810787354977,0.09833132542623885,0.006,55.15594258269048,0.4029521346092224,-36.81214141845703,19.843997955322266,1.7999739719523755
532000,209.2778217537205,0.09834268009779204,0.006,55.167567330364065,0.5948404669761658,-44.793392181396484,20.888263702392578,2.2449072659639655
533000,195.20086825568447,0.09834892546144008,0.006,55.17017788614344,0.42671310901641846,-37.131038665771484,21.077964782714844,1.0920694095949839
534000,203.2845375046029,0.09835579978746106,0.006,55.17817459461057,0.5208819508552551,-41.82216262817383,10.758731842041016,1.9988845065233143
535000,192.62042316044037,0.09860024539031989,0.006,55.17880145468988,1.0206691026687622,-61.69873809814453,4.963132381439209,5.952604833139989
536000,185.2338240041593,0.0988084535012394,0.006,55.17539085446412,0.35045328736305237,-34.022335052490234,25.383708953857422,1.3589994931457459
537000,203.84858055731468,0.09881275303290428,0.006,55.1828055601051,0.46844834089279175,-39.90296936035156,15.163881301879883,2.1340459601546287
538000,140.88988807626458,0.09895945210876544,0.006,55.159268428753805,0.09008455276489258,-17.306119918823242,5.737423896789551,0.750568018652269
539000,169.40825587815507,0.09907457877060484,0.006,55.14703504305918,0.15399259328842163,-22.839332580566406,19.385704040527344,1.1985955409284574
540000,207.79622402298597,0.09907711806563266,0.006,55.156434096276335,0.5690129995346069,-44.05997848510742,16.214025497436523,2.453849957613367
541000,209.98610375732082,0.09908107246543142,0.006,55.16725509034665,0.5069976449012756,-41.33576583862305,23.330608367919922,2.054601889688369
542000,206.14503055458158,0.0990856128801081,0.006,55.17565072639346,0.3967914879322052,-37.24631881713867,20.200937271118164,2.490409021548368
543000,201.215265627585,0.09909465421596164,0.006,55.18120051816285,0.5408164262771606,-43.11307144165039,11.067708969116211,2.5326935016165026
544000,135.99340743076053,0.09908732751922576,0.006,55.15457954349793,0.24908772110939026,-28.699291229248047,12.591706275939941,1.1723631209069048
545000,190.34426194756844,0.09908713907189486,0.006,55.15370747084684,0.4830574691295624,-39.962501525878906,22.82619857788086,1.6293898771034165
546000,209.39346595420602,0.09909830524121692,0.006,55.16404638638205,0.5772350430488586,-44.29386520385742,13.173495292663574,2.382439331909133
547000,110.00621680846955,0.09914608583973633,0.006,55.12996266529768,0.06900501996278763,-14.895069122314453,20.923290252685547,0.4130858872055463
548000,215.75629422100027,0.09928732493648938,0.006,55.14409067312107,0.7103250622749329,-51.06892395019531,9.878633499145508,4.593054025731668
549000,205.14887124759386,0.09929239893792188,0.006,55.15130581437684,0.43930038809776306,-38.477699279785156,18.94290542602539,1.9235604179057628
550000,211.2300749036307,0.09946235837883116,0.006,55.16210472655904,0.4092615246772766,-36.027034759521484,13.396675109863281,0.7378745601480627
551000,202.13646295971398,0.09946612423035274,0.006,55.16722548476561,0.5548115968704224,-42.960792541503906,18.506866455078125,1.8691103121229875
552000,186.31293464742078,0.09956741029228412,0.006,55.16360066092937,0.2703230082988739,-29.48358154296875,15.371833801269531,0.8025945171471361
553000,195.90650113964438,0.09973090812210235,0.006,55.164547845530336,0.14942793548107147,-21.479576110839844,28.21465492248535,0.15521814754940444
554000,217.7798307416306,0.09974874241037074,0.006,55.179269827155224,0.5149533152580261,-41.94470977783203,11.286260604858398,2.347927555795372
555000,359.4849867326617,0.10081928209892245,0.006,55.30993762621424,0.7282729148864746,-49.26783752441406,10.176729202270508,2.066942471759672
556000,251.24471282001923,0.10124657322857059,0.006,55.34339141658009,0.442531555891037,-38.02008056640625,26.702009201049805,1.203972336756376
557000,185.0869767238697,0.10122429846862716,0.006,55.33669478359035,0.4484807252883911,-39.533931732177734,19.012542724609375,2.475660236416808
558000,189.90669408032585,0.10121411905747175,0.006,55.332457185494626,0.5108221173286438,-42.04827117919922,11.581976890563965,2.501157020460207
559000,198.70461271643046,0.10120794022896494,0.006,55.33295347610742,0.5768758654594421,-44.54584503173828,14.214346885681152,2.519168363794108
560000,198.3872971730899,0.10120562688155063,0.006,55.333440222682746,0.3812084496021271,-36.116580963134766,10.817964553833008,1.952564650376005
561000,201.37795578072175,0.10120043804692144,0.006,55.33541486164116,0.5331161022186279,-42.66873550415039,20.76258659362793,2.2656939596762435
562000,128.37503653406011,0.10121960794627617,0.006,55.30627264986591,0.15477924048900604,-23.071147918701172,15.588038444519043,1.3125584632598433
563000,204.82643296092706,0.10121705367112156,0.006,55.310328876509665,0.6145278215408325,-45.633155822753906,22.555665969848633,2.274380052421216
564000,219.96535915754873,0.10149771722476564,0.006,55.3228868781139,0.7428104281425476,-50.32688903808594,20.725236892700195,2.646055927758031
565000,248.47399073987927,0.10174629524313679,0.006,55.352947250859685,1.0073438882827759,-60.05486297607422,13.744874000549316,4.499036798619362
566000,191.85290708129145,0.10173229565020747,0.006,55.34947373160023,0.39428678154945374,-36.3863410949707,21.645793914794922,1.631157033816645
567000,185.7393354500457,0.10170428851600892,0.006,55.342627958327775,0.38407766819000244,-35.41162872314453,15.79257583618164,1.113589739713416
568000,218.9391947978394,0.10181080710167227,0.006,55.35391280970703,0.44645780324935913,-39.40437316894531,20.58844757080078,2.418273199214681
569000,198.94096002157943,0.10180049916327058,0.006,55.35403327668145,0.4138948619365692,-38.02278518676758,17.51605987548828,2.4109508457878737
570000,204.79351210191908,0.10179714710128554,0.006,55.35745401332923,0.48065540194511414,-40.92950439453125,15.92812728881836,2.550560071413987
571000,221.77939876355845,0.10188521459208168,0.006,55.370874604141996,0.5046244263648987,-41.72982406616211,12.3668212890625,2.3960565871814703
572000,332.28680236104674,0.10256143491725697,0.006,55.46321779267801,1.1240087747573853,-62.62059783935547,19.349777221679688,3.818893455264734
573000,202.81210447348636,0.10255998053993334,0.006,55.46467606869495,0.5019384026527405,-40.040321350097656,24.266616821289062,0.7449214153747659
574000,206.01270159440517,0.10258546329481352,0.006,55.46745456276996,0.3194471597671509,-32.325801849365234,26.846738815307617,0.9757848861929294
575000,349.059530114519,0.10331755585705718,0.006,55.57283611196431,0.7826440930366516,-51.996429443359375,18.596174240112305,2.832707634002748
576000,346.3560207208622,0.10421813895008149,0.006,55.67383845431318,0.4114436209201813,-37.578330993652344,10.564007759094238,1.8669735186528997
577000,294.10075117206435,0.10479920690532044,0.006,55.72965857613885,0.6393080949783325,-48.4550666809082,20.009889602661133,3.895443707970827
578000,298.860994716207,0.10535475796006091,0.006,55.7871234623027,1.1073685884475708,-65.27044677734375,20.756484985351562,6.564777859352706
579000,209.32951029362064,0.10534494317449097,0.006,55.78802635380004,0.4817447364330292,-40.968082427978516,22.077144622802734,2.246819914515185
580000,203.47832622344998,0.10532302885318588,0.006,55.785606500637535,0.4220159649848938,-38.612327575683594,14.880454063415527,2.3724591325683293
581000,208.47941952711707,0.10530892732899837,0.006,55.786277324982905,0.3514050841331482,-34.986663818359375,19.9171199798584,1.916878096699655
582000,307.5664256927274,0.1059806316315467,0.006,55.849249629782264,0.44922730326652527,-39.45171356201172,12.535995483398438,2.019075037000648
583000,201.1240018892967,0.10615592795430455,0.006,55.84585907729121,0.2737639844417572,-30.80237579345703,20.17962646484375,1.5824476805436019
584000,222.42958735527975,0.10615108378507677,0.006,55.852983837491806,0.5592687726020813,-43.80718231201172,19.125558853149414,2.0379334783065906
585000,178.0898024818834,0.10619471581883817,0.006,55.83889852760213,0.4420359134674072,-37.443870544433594,24.235841751098633,0.3189457367919194
586000,176.8483767112844,0.10621563194018159,0.006,55.82431913276959,0.16842351853847504,-23.605613708496094,19.56648063659668,0.695628963424808
587000,225.30543265486864,0.10621947464274835,0.006,55.833140384352504,0.45847418904304504,-38.714176177978516,19.577133178710938,0.9091523862062252
588000,116.30866197811525,0.10618573680718181,0.006,55.79904556498289,0.14242717623710632,-23.40626335144043,24.47228240966797,2.34796951534651
589000,87.1990093969503,0.10614875712341025,0.006,55.758744182663435,0.0593980997800827,-14.316192626953125,27.663864135742188,0.7268244308332954
590000,218.61593705610045,0.1061487622347211,0.006,55.764605949604544,0.49998489022254944,-41.75400924682617,7.719630718231201,2.3230751926877917
591000,222.73756256151978,0.10614771283985659,0.006,55.772506175764335,0.4246120750904083,-37.9835090637207,17.9456729888916,1.640881124822021
592000,362.60037087734,0.10681269179861523,0.006,55.8744502282996,0.965069591999054,-57.82273483276367,14.257490158081055,2.932815341983478
593000,180.4057511197495,0.10679225171615145,0.006,55.861768000613736,0.425628662109375,-38.599857330322266,14.1483736038208,2.1555154651756663
594000,83.82328378638152,0.10674823208620526,0.006,55.820919903419394,0.049287836998701096,-12.4633207321167,12.246307373046875,0.0705939072563481
595000,117.5416192220032,0.10670486725857137,0.006,55.78730429263038,0.12255687266588211,-21.133068084716797,21.41812515258789,1.6029806451833069
596000,135.46501118640512,0.10667574120976049,0.006,55.75862522491921,0.12074984610080719,-20.87728500366211,23.57994270324707,1.5016755897167549
597000,114.62633729601649,0.10663852635854573,0.006,55.72442800185521,0.16269062459468842,-24.47538185119629,22.556743621826172,1.9989743065449066
598000,204.96707020735124,0.1066162927248135,0.006,55.72236826789961,0.42719441652297974,-38.15114212036133,16.532169342041016,1.7309386746814561
599000,202.44423365462987,0.10659177032708887,0.006,55.71945105150603,0.37488222122192383,-35.92827606201172,19.19040298461914,1.8125821190919056
600000,201.0713140971506,0.10656849950447686,0.006,55.716028087752434,0.3902580738067627,-36.665218353271484,15.229793548583984,1.8590624824670634
601000,216.98856798925635,0.1065568281980389,0.006,55.72030907867302,0.495759516954422,-41.41297912597656,20.042057037353516,2.1802003822777425
602000,181.62472816159448,0.10652119772858422,0.006,55.70839721288075,0.3485606610774994,-35.22484588623047,15.771570205688477,2.3351518499473434
603000,156.78933913060064,0.10647124318158367,0.006,55.68724316246517,0.40799641609191895,-37.50003433227539,14.715913772583008,1.930031845062868
604000,171.84286246526185,0.10642393712621838,0.006,55.671608004837914,0.2235669642686844,-28.113178253173828,23.528308868408203,1.790045005348115
605000,118.90125235345087,0.1063851792247594,0.006,55.63898880836981,0.04329326003789902,-12.882448196411133,24.60582160949707,1.3056256937217587
606000,121.87435458971584,0.10635493810588037,0.006,55.60753137053054,0.10832853615283966,-18.678796768188477,17.925048828125,0.3765210934768325
607000,113.86136326933483,0.10631963496227308,0.006,55.574159410397314,0.09657128900289536,-17.60390853881836,18.152437210083008,0.3337276439674476
608000,162.31973059729503,0.1062797452435265,0.006,55.55552043450913,0.3030390739440918,-32.556636810302734,17.483795166015625,1.9738897363700176
609000,110.59319624091582,0.1062435562934253,0.006,55.52147431600243,0.08525057882070541,-18.13701057434082,22.96426773071289,1.9260148362339573
610000,193.8647075476793,0.10621593527806024,0.006,55.515734642535314,0.3675476610660553,-35.14666748046875,13.299866676330566,1.4898592753276523
611000,109.25533898745226,0.1061798087556447,0.006,55.481547039107156,0.13497333228588104,-22.399442672729492,23.571319580078125,2.016234463393865
612000,422.4884531022062,0.1071151170226841,0.006,55.635102619387446,1.18352210521698,-61.86173629760742,22.205564498901367,1.3364191270154855
613000,189.74979358960215,0.10708740704288096,0.006,55.626485576511286,0.46060413122177124,-39.984867095947266,20.550704956054688,2.232382283185407
614000,198.49903958443494,0.10706937435679559,0.006,55.621675808609524,0.43903177976608276,-38.692115783691406,16.563400268554688,1.8374880969547853
615000,122.8645770136608,0.10704402437308988,0.006,55.59102058343631,0.26278167963027954,-29.280969619750977,12.221606254577637,0.7837723924792659
616000,199.41955950799172,0.1070244167772544,0.006,55.58668351908722,0.39438363909721375,-37.08721160888672,19.13427734375,2.178789642174712
617000,386.87335993551454,0.1077369105852059,0.006,55.704070712363674,1.2832528352737427,-67.79257202148438,8.588631629943848,4.690582220670918
618000,417.8481614248899,0.10842493417262462,0.006,55.84575629751768,1.1378501653671265,-62.70848083496094,21.729467391967773,3.1377786138975114
619000,404.71176426910125,0.1090048812729032,0.006,55.97349525298861,1.2075132131576538,-63.58359146118164,26.50261688232422,2.076044175867272
620000,194.60845100252547,0.10898026851769205,0.006,55.965143720072504,0.4358876645565033,-39.22220230102539,17.774394989013672,2.273015585762245
621000,165.96353214123306,0.10913366971364306,0.006,55.946965132547,0.3065880239009857,-30.990732192993164,9.626178741455078,0.012679999673708565
622000,218.04035251242203,0.10917405260184691,0.006,55.948102308771844,0.38172176480293274,-36.50761413574219,24.074302673339844,1.940841643686533
623000,220.9643247447796,0.10928792737017162,0.006,55.95095699588714,0.43575164675712585,-39.16988754272461,15.853459358215332,2.2358260199529103
624000,205.0366781590941,0.10926679116295848,0.006,55.94657532653223,0.3576582372188568,-35.68288803100586,17.6982421875,2.224302145280079
625000,484.4243195939628,0.1105508225668139,0.006,56.143234536924155,1.162988305091858,-69.50362396240234,12.896990776062012,8.957677125131504
626000,561.8891123669256,0.11209756983908206,0.006,56.415922162044254,1.4273406267166138,-69.8116683959961,14.939556121826172,2.4108049404771434
627000,201.21976501929615,0.11206798031732527,0.006,56.40715247937598,0.38679254055023193,-37.221622467041016,19.334217071533203,2.1405179827195395
628000,139.3447320351275,0.11211938064492605,0.006,56.37925314562574,0.2244815081357956,-28.538124084472656,14.377180099487305,1.8259280294502127
629000,209.2870914308586,0.11209469797622638,0.006,56.37356381209658,0.30220457911491394,-32.956512451171875,12.415184020996094,1.966194533131319
630000,148.90232676647622,0.11211374948609464,0.006,56.34828293016923,0.10362134128808975,-18.353370666503906,16.881187438964844,0.21470750322501264
631000,140.28107541077196,0.11209035660754378,0.006,56.32079938896059,0.14568793773651123,-21.783605575561523,12.880623817443848,0.28646890562974114
632000,116.95476830923923,0.11205548957137047,0.006,56.28785240125754,0.09191951155662537,-19.078092575073242,14.271214485168457,2.0126113767688847
633000,555.38724142529,0.11361084096198834,0.006,56.542018015344446,1.4040378332138062,-70.68427276611328,21.767953872680664,3.686448078501563
634000,167.1112457030096,0.11355751375693542,0.006,56.52080138666744,0.19754162430763245,-25.289915084838867,28.5904598236084,0.16887414620818908
635000,166.5944799409627,0.1135083924814865,0.006,56.49938276494319,0.27812185883522034,-31.916996002197266,8.310487747192383,2.1207714073155315
636000,528.1250697732097,0.11481327839597914,0.006,56.71649317395121,0.9530460238456726,-57.1134033203125,23.412424087524414,1.7444539683621931
637000,146.63752695797186,0.11475615822392586,0.006,56.68975187941855,0.1101328432559967,-20.394668579101562,19.341609954833984,1.58145528511785
638000,149.53360735117917,0.11470044191703174,0.006,56.66392642703177,0.15989738702774048,-24.564041137695312,18.769264221191406,1.905741156505556
639000,272.12300753687066,0.11540285870814292,0.006,56.6842675893293,1.3301271200180054,-72.1346206665039,14.618810653686523,6.760009820924089
640000,193.55965515150538,0.11547363084769868,0.006,56.67020683573766,0.2231859266757965,-28.855897903442383,25.729948043823242,2.0834420883530735
641000,574.9034103224236,0.1169601288171151,0.006,56.92217559306012,1.37930428981781,-73.43218231201172,8.125536918640137,6.580617077551548
642000,142.98932859903914,0.11690525460108142,0.006,56.89393167344276,0.2211526483297348,-28.421289443969727,17.381309509277344,1.6658531775900176
643000,180.94151659180088,0.116854468664139,0.006,56.87488960747633,0.3137761354446411,-33.97248840332031,17.12240982055664,2.113605808108301
644000,153.53674633893002,0.11681084644295757,0.006,56.84934250764336,0.13501103222370148,-22.90974235534668,15.900806427001953,2.0211081613309574
645000,195.61803139260041,0.11679685574337365,0.006,56.83508018334205,0.30091920495033264,-33.066810607910156,23.8862361907959,1.8893025692760013
646000,194.4092205936039,0.11675254139840031,0.006,56.82066796796291,0.23684167861938477,-29.157196044921875,21.858287811279297,1.5046329479832665
647000,55.852998287931264,0.11671658757147335,0.006,56.778739351915746,0.04669797047972679,-12.692855834960938,0.8716955184936523,0.4231326070891779
648000,119.91671537278445,0.11668768821724292,0.006,56.74545613051964,0.06094074994325638,-14.05469799041748,18.783233642578125,0.04641299229103646
649000,95.42473808419999,0.1166481316338936,0.006,56.70818903695252,0.03898603469133377,-11.22373104095459,9.890522003173828,0.026765967981568023
650000,94.40285135886751,0.1166036139137734,0.006,56.670967937900635,0.12459386140108109,-21.0264949798584,17.64780044555664,1.0228599420784847
651000,51.30854891986676,0.11659379944443445,0.006,56.62900681437853,0.00019602139946073294,0.8560514450073242,26.940462112426758,-0.06320206499909668
652000,136.59597936620992,0.11653569703534299,0.006,56.59969371953102,0.32096338272094727,-33.70613098144531,17.431365966796875,1.6403480919586177
653000,109.56001548495553,0.11649393128062871,0.006,56.56522635962079,0.12653422355651855,-21.905813217163086,11.718789100646973,1.7846274805512083
654000,181.22945654172813,0.11645698313362603,0.006,56.547360464898375,0.3117457628250122,-33.478515625,22.472759246826172,1.9057526188916512
655000,120.25849123542265,0.1164231183700826,0.006,56.515226112255384,0.05764194205403328,-13.57534122467041,8.891789436340332,0.006749525108629639
656000,328.0061654938165,0.11687481757027315,0.006,56.56283860222714,1.4729379415512085,-72.50296783447266,17.10390853881836,3.855677520384491
657000,469.6363302645251,0.11763650712186124,0.006,56.7061432054353,1.3828893899917603,-70.77897644042969,13.555749893188477,4.094645060513873
658000,123.45111662412924,0.11757944845381169,0.006,56.67427114064647,0.15312601625919342,-24.067916870117188,13.821874618530273,1.890527149877578
659000,150.7879400038529,0.11759000987156443,0.006,56.64843463347145,0.3495800793170929,-34.42112731933594,21.8048038482666,0.9275690062617726
660000,99.62489819109753,0.11758607285092314,0.006,56.61253769222006,0.07672451436519623,-17.164905548095703,12.033998489379883,1.483690821346718
661000,184.64284826919308,0.11753967031252349,0.006,56.595201919700976,0.2656307518482208,-30.83348274230957,17.476856231689453,1.6646640082952044
662000,192.24210446758002,0.1174988691321744,0.006,56.58040036507355,0.36121174693107605,-35.984622955322266,19.349266052246094,1.979296913881553
663000,197.17756733955565,0.11745870974030974,0.006,56.56743600472284,0.33821016550064087,-34.653079986572266,16.839555740356445,1.7558122435832269
664000,158.5663324013492,0.1174281940447222,0.006,56.54386879674106,0.11103040724992752,-19.195085525512695,15.468499183654785,0.35397511089705935
665000,206.7588898364479,0.1173927511771916,0.006,56.53441265431823,0.4043288826942444,-37.795753479003906,17.846656799316406,1.8472925256702006
666000,197.85150344359621,0.11735616612115263,0.006,56.5218161292186,0.37573835253715515,-36.678550720214844,18.506736755371094,2.0320921349811636
667000,206.85554277078754,0.11732347200099945,0.006,56.512362320846144,0.3827822804450989,-36.721168518066406,17.520919799804688,1.7573078429033036
668000,493.3198713259995,0.11817441759653387,0.006,56.672668511864806,1.4102171659469604,-72.76892852783203,12.61197280883789,5.4686812115768
669000,149.37920576444756,0.11812023329341025,0.006,56.64688496386838,0.2086980789899826,-27.21182632446289,12.909977912902832,1.3335550200866322
670000,136.72805444273087,0.11806849100718947,0.006,56.61836487185705,0.15997666120529175,-24.57450294494629,14.090672492980957,1.9288082074741735
671000,146.9082831386203,0.11804513647010753,0.006,56.592320410248725,0.19248774647712708,-25.97188377380371,14.101184844970703,1.1428942291551563
672000,196.9613173877065,0.11800452290944516,0.006,56.57903299986033,0.3566261827945709,-35.67464828491211,19.438613891601562,1.8866771686147539
673000,221.6253816217104,0.11797368752250392,0.006,56.57431933618483,0.3919653296470642,-37.548011779785156,11.914571762084961,2.1284510965384826
674000,210.27527488878644,0.11794177208743435,0.006,56.56572629783273,0.3597053289413452,-35.939842224121094,17.517864227294922,2.014296847314705
675000,194.3214385153668,0.11789876448988734,0.006,56.551847184584176,0.29125818610191345,-31.713027954101562,21.658517837524414,1.1929353325624272
676000,210.87684643346725,0.11786197404244987,0.006,56.543443799618004,0.3035154938697815,-33.178985595703125,19.41655921936035,2.0279368674613334
677000,215.31673060308532,0.11782570385338516,0.006,56.53674932740693,0.35007935762405396,-35.53964614868164,19.19435691833496,2.0882606957657117
678000,206.45750970915705,0.11778581844506802,0.006,56.52724939726235,0.3684293031692505,-35.07149887084961,21.36784553527832,0.7603785047106228
679000,495.14745861087346,0.11863204618518189,0.006,56.68457365869909,1.0931169986724854,-63.743011474609375,15.074411392211914,4.4780229804031535
680000,135.31449709286235,0.11858797678248587,0.006,56.65604724001417,0.29064467549324036,-32.68722915649414,17.099321365356445,2.143122286560171
681000,543.8127603790992,0.11971977837175062,0.006,56.84984213410912,1.4913990497589111,-75.5082778930664,8.590862274169922,6.081633711304214
682000,134.86067155155726,0.11967098738820611,0.006,56.82085449695551,0.06551723927259445,-14.505374908447266,12.047392845153809,-0.03868049927088688
683000,477.5766605326236,0.12048439506509295,0.006,56.956083405843735,1.312369465827942,-69.42111206054688,13.20319652557373,4.172959939238627
684000,139.04018976036087,0.12043343354104678,0.006,56.92746755728742,0.12584654986858368,-20.8994083404541,22.894447326660156,0.704469293730128
685000,201.11956037966982,0.1203903319384625,0.006,56.914611598002544,0.3092585504055023,-33.73263168334961,11.975774765014648,2.08183532394187
686000,143.41371377482545,0.12034378274731752,0.006,56.88711691300502,0.08654031157493591,-16.679508209228516,18.8293399810791,-0.05539262623970191
687000,147.8707295149034,0.12032414435864484,0.006,56.86069353821728,0.09568625688552856,-17.734716415405273,14.945564270019531,0.1458877947493431
688000,193.528912057871,0.12027968073711796,0.006,56.84562656305967,0.15636643767356873,-23.846267700195312,25.66341781616211,1.3676887429562334
689000,160.21101085479555,0.12022546560922241,0.006,56.82180585855868,0.18283681571483612,-25.38456153869629,18.228622436523438,1.08788696438726
690000,159.6703968968795,0.1202348433674444,0.006,56.79788034428359,0.1253998875617981,-21.07239532470703,12.388007164001465,0.9592154906877368
691000,181.71807226694304,0.12018557879556145,0.006,56.77932554883251,0.2841529846191406,-32.27901077270508,24.438215255737305,2.0122207449132476
692000,217.32179924863388,0.12018442112489179,0.006,56.77150408253259,0.3304203450679779,-34.68046569824219,17.109378814697266,2.0469570697682355
693000,206.59993427742208,0.12014114189539753,0.006,56.76052956180321,0.29207122325897217,-32.70426559448242,18.780454635620117,2.028825211206625
694000,131.38583885959218,0.12009284065374956,0.006,56.73098972087488,0.06356457620859146,-14.271438598632812,25.469200134277344,-0.03158908311364904
695000,146.16256339963584,0.12003969286311343,0.006,56.70457766347406,0.09181763231754303,-18.417295455932617,18.70990753173828,1.2349998765705825
696000,193.85679262914422,0.11999176826451162,0.006,56.689981774668894,0.2707173228263855,-31.54670524597168,18.517675399780273,2.050624270341413
697000,150.4184787097369,0.11994610682595797,0.006,56.66468773477942,0.0727095678448677,-15.235976219177246,15.729894638061523,-0.043494123821327405
698000,452.73959903633573,0.12055659635319052,0.006,56.77916058032481,1.4383114576339722,-70.56890106201172,19.0133056640625,2.473875034691601
699000,454.79832098168754,0.12119945159302195,0.006,56.89224947541523,1.558326005935669,-74.09244537353516,24.753721237182617,3.072178093715388
700000,188.3284788943097,0.12114648192924621,0.006,56.8753401594191,0.2582055628299713,-30.327672958374023,17.33485221862793,1.4270773252832287
701000,194.73264540548857,0.1210949064172072,0.006,56.86024582003482,0.26429176330566406,-31.265270233154297,18.819080352783203,2.033808787558351
702000,183.43849146349794,0.12103966516130932,0.006,56.84205926203503,0.211092010140419,-28.043487548828125,22.132923126220703,1.927545074154383
703000,164.14760154359402,0.12100320825078349,0.006,56.81965116779707,0.15285268425941467,-22.86582374572754,22.076650619506836,0.6513973205952199
704000,190.382890973443,0.12095590117220241,0.006,56.803604975967865,0.3096584379673004,-33.63333511352539,14.320850372314453,2.02385582764175
705000,203.7440864029557,0.12091236316580263,0.006,56.79158623877717,0.3100181519985199,-33.42033386230469,15.238879203796387,1.7991917739483543
706000,457.74847117666786,0.1215671077995248,0.006,56.90329180833514,1.5787521600723267,-75.99211883544922,18.461196899414062,4.49403910791826
707000,201.23349833527607,0.12151695894154614,0.006,56.8901767463792,0.3056034445762634,-33.25144958496094,12.155048370361328,1.801756953008136
708000,209.2647868703936,0.12147223329084642,0.006,56.879523860513366,0.3405097723007202,-35.2172966003418,18.59130859375,2.0262654811385654
709000,498.5709258915564,0.12236723818635743,0.006,57.01828986505108,1.5798161029815674,-75.02555847167969,14.842687606811523,3.3588498451744635
710000,215.26959504004893,0.12232373817454487,0.006,57.00906975432039,0.34629082679748535,-35.52185821533203,19.521120071411133,1.9740269933129528
711000,209.1016562720377,0.1222777271917186,0.006,56.99809935019479,0.3351224362850189,-34.133975982666016,16.94454574584961,1.1379090450040434
712000,149.51286305636012,0.12222535956251275,0.006,56.97224362202323,0.1801391839981079,-25.40024185180664,16.603694915771484,1.2196229202036752
713000,151.5132245188063,0.12217198983277557,0.006,56.94679310034605,0.12315044552087784,-21.575904846191406,18.105697631835938,1.591682236697955
714000,195.6217662176406,0.12212267821897019,0.006,56.9319766748364,0.28923264145851135,-32.66682434082031,12.112905502319336,2.04860761307787
715000,152.62869797774033,0.12206860278561037,0.006,56.90685154596157,0.11242543160915375,-20.71306610107422,15.115747451782227,1.6322529964359975
716000,206.2049252236498,0.12202276153194942,0.006,56.89532077730086,0.33330151438713074,-34.66065216064453,18.389970779418945,1.8136907841258787
717000,155.97978343348535,0.12201597037620245,0.006,56.87117909136489,0.13760340213775635,-21.4218807220459,19.067283630371094,0.32555449466093894
718000,190.9437681909103,0.1219671826926504,0.006,56.85542380177001,0.2512747049331665,-29.793445587158203,10.861978530883789,1.2933532949163722
719000,201.15578286229487,0.12191914753208052,0.006,56.84241521561835,0.33473724126815796,-34.284610748291016,19.5688533782959,1.397589595165455
720000,118.7096228041169,0.12188497613269225,0.006,56.81151266029646,0.0853772684931755,-16.832483291625977,19.364351272583008,0.23250510019980455
721000,100.70463702233225,0.121838381396793,0.006,56.77814897077246,0.04184389114379883,-12.773375511169434,28.965404510498047,1.1589632035389488
722000,211.32295215545992,0.12179234596260803,0.006,56.768517470737876,0.3134385943412781,-33.66949462890625,11.294393539428711,1.8873085965085528
723000,270.1573171324972,0.12221035442365984,0.006,56.77850668708696,1.5116024017333984,-73.01632690429688,19.386676788330078,3.2087163923694493
724000,209.39526052024345,0.12216403109742383,0.006,56.768182610373536,0.34069427847862244,-34.507320404052734,12.594234466552734,1.372288820777616
725000,407.5157732625459,0.12271187207310838,0.006,56.84366388029454,1.5047430992126465,-72.73431396484375,18.67621612548828,3.005351979135402
726000,111.19399556923004,0.12267161761353214,0.006,56.81189059734586,0.12222634255886078,-20.71047019958496,21.984447479248047,0.8485314838412459
727000,109.23801817044881,0.12263316173474936,0.006,56.779915943590986,0.09831834584474564,-18.453351974487305,17.517019271850586,0.6495796154057262
728000,115.80734899535896,0.12259446055156452,0.006,56.74890829122741,0.1433432400226593,-23.725149154663086,16.5999813079834,2.2396156804668257
729000,195.03168478857407,0.12254308237819825,0.006,56.73449122519356,0.238374724984169,-29.67767906188965,13.927342414855957,1.977840512071039
730000,131.28123421385834,0.1225048903238081,0.006,56.70615333996172,0.09714627265930176,-19.706707000732422,14.780333518981934,2.032365128557128
731000,137.75041506073632,0.1225005383994568,0.006,56.679050275747855,0.0629873052239418,-14.399117469787598,8.8028564453125,0.17422339192441694
732000,133.76053769411374,0.12246130069835959,0.006,56.65122132261594,0.13136976957321167,-22.442546844482422,20.835407257080078,1.909330448582725
733000,203.70962620026415,0.12241646844286252,0.006,56.63924252227034,0.3047643303871155,-33.22624969482422,20.659255981445312,1.9582905550926284
734000,476.17485449877904,0.1231013610358307,0.006,56.7564453173874,1.2917523384094238,-65.17401123046875,24.503768920898438,0.6673150486879407
735000,534.1004116119426,0.1242060352845046,0.006,56.91140972415937,1.4910310506820679,-77.38446807861328,12.3064603805542,7.891203349292093
736000,147.19031115134976,0.12419396478545851,0.006,56.88571282978991,0.062404707074165344,-16.218761444091797,7.716741561889648,2.0081802261332427
737000,141.64672805382224,0.12414418568839129,0.006,56.858899256025445,0.11316864937543869,-20.484867095947266,24.27117156982422,1.3572217911792053
738000,198.79339017160956,0.1240937730083985,0.006,56.844760121884846,0.3607349097728729,-35.94985580444336,17.76453399658203,1.8082031997364398
739000,102.06663276856672,0.1240580203695433,0.006,56.812111875090096,0.13027948141098022,-21.628196716308594,8.100439071655273,1.1222923603628658
740000,139.77886385175012,0.12401760809033426,0.006,56.78500263816685,0.05464586243033409,-14.689064979553223,25.91485595703125,1.4147444219162522
741000,202.8340769299158,0.12396910131991187,0.006,56.77223691617149,0.2690470218658447,-30.313987731933594,10.041248321533203,0.8663737439817293
742000,199.65592649871792,0.12392061786328676,0.006,56.75866996516223,0.30405470728874207,-33.28356170654297,18.41033935546875,1.9861761044434993
743000,592.3332539954177,0.1252557930002656,0.006,56.95465912180997,1.6763274669647217,-77.83843231201172,13.351522445678711,4.097485982608099
744000,116.67799134904479,0.1252144974866593,0.006,56.92375875797555,0.0615946464240551,-15.54367446899414,20.287919998168945,1.4161835384194845
745000,202.90463342873414,0.12516352660310578,0.006,56.91017779687087,0.2669278681278229,-30.82990074157715,16.47308349609375,1.4272227047663661
746000,143.98027855675798,0.12517332980978688,0.006,56.88383388440815,0.09914293140172958,-18.3756046295166,15.959287643432617,0.46461065490656467
747000,208.17098127359515,0.12512623644824017,0.006,56.87163741979847,0.2846871316432953,-31.713926315307617,22.5263729095459,1.3694480403462816
748000,195.72110549485487,0.12507372686138385,0.006,56.856278145421776,0.24650217592716217,-29.616775512695312,20.596593856811523,1.3882087904219478
749000,143.22690639908973,0.12504390962202666,0.006,56.82980890739346,0.05620553717017174,-15.338342666625977,24.18939208984375,1.8652980696815111
750000,137.5518650161302,0.1249969557882165,0.006,56.80249733766818,0.25290146470069885,-29.9704647064209,18.263294219970703,1.404880262190242
751000,137.85220167665364,0.12495807891698128,0.006,56.775233204809844,0.06309431046247482,-16.001916885375977,15.77151107788086,1.7407834529529467
752000,210.27949958330836,0.12490913585083856,0.006,56.764045455267265,0.24493198096752167,-28.77768325805664,20.933073043823242,0.6848151540364148
753000,154.48437505747364,0.12488890023581821,0.006,56.73991413333753,0.15875348448753357,-23.632400512695312,23.819595336914062,1.025016172022271
754000,381.59919785626636,0.12558252536659115,0.006,56.794522694251,0.06832987070083618,-16.14687728881836,23.240657806396484,1.3007994569892585
755000,205.08611361340294,0.1255320097852165,0.006,56.78175427721205,0.1750129908323288,-24.61214828491211,13.714747428894043,0.8577556929503145
756000,142.75643927981596,0.12547671835155016,0.006,56.755432267293834,0.13989074528217316,-21.965587615966797,23.010862350463867,0.7379389605694536
757000,143.58593978407072,0.1254254313271039,0.006,56.72928780836912,0.14445438981056213,-23.31512451171875,15.084477424621582,1.7539376138570169
758000,173.0268406383085,0.12537721056020723,0.006,56.70896513199459,0.08245024085044861,-16.84083366394043,18.885662078857422,0.5573359618256772
759000,186.93970614406993,0.12532677404520587,0.006,56.691982971688695,0.2572319507598877,-30.598773956298828,13.001840591430664,1.8457107971571711
760000,153.57597562666098,0.125273887751327,0.006,56.66795445911664,0.20453178882598877,-27.378931045532227,15.497142791748047,1.7507402533763636
761000,198.51450486655767,0.12522328245734354,0.006,56.65373042848232,0.2481750249862671,-30.164609909057617,17.45892333984375,1.9413231589287872
762000,186.2436434199582,0.12516859167671365,0.006,56.63670030639264,0.2880793511867523,-31.526573181152344,21.59882926940918,1.1279426955425687
763000,561.0985493505156,0.1263092808648736,0.006,56.80039384037393,1.5746040344238281,-72.6950454711914,24.942045211791992,1.4200818291854311
764000,141.3705597238452,0.1262606640935267,0.006,56.77394590647138,0.06492719799280167,-14.772104263305664,15.379632949829102,0.3056399181860384
765000,146.46664891344895,0.1262260757317668,0.006,56.74842908889915,0.12886066734790802,-21.20062828063965,21.941516876220703,0.829549027488294
766000,143.85262489496134,0.12620246498388765,0.006,56.72263247420748,0.09381898492574692,-19.160358428955078,20.054189682006836,1.7862815564351793
767000,196.24100539483817,0.12615533027763542,0.006,56.70757089820041,0.2132239043712616,-26.768680572509766,26.17203140258789,0.5832933900423164
768000,150.60777697849625,0.12613685082939877,0.006,56.68304048608875,0.09023476392030716,-18.496000289916992,23.398727416992188,1.468923275315034
769000,150.24656837268748,0.12612683528558077,0.006,56.65849232768451,0.06880895793437958,-16.061384201049805,20.95842742919922,1.1990341361121404
770000,230.19241713184326,0.12613723556747763,0.006,56.652623433595,0.30658188462257385,-33.2001838684082,18.41672134399414,1.8317192168500667
771000,210.00366484244995,0.12609038176369325,0.006,56.641492283572056,0.3590970039367676,-35.62282943725586,20.52272605895996,1.680582620634004
772000,130.89033256790563,0.12603645113441725,0.006,56.61390459974818,0.1058453619480133,-18.562641143798828,20.858882904052734,0.14393882348928577
773000,578.3192125074731,0.1272672648186638,0.006,56.785868029124615,1.6711581945419312,-80.72721099853516,10.233026504516602,7.318258060790453
774000,410.08623866916474,0.1277456185715868,0.006,56.849919219611145,1.409393310546875,-71.11890411376953,17.381206512451172,3.6278931137523873
775000,207.24408436925015,0.12769612884867096,0.006,56.83729993922313,0.19293437898159027,-26.66301155090332,9.14908218383789,1.6976288328228901
776000,176.2553398634604,0.12765053458502768,0.006,56.81749352692333,0.24093091487884521,-29.42180633544922,13.971441268920898,1.5331007094625093
777000,220.81675665409992,0.1276683671028154,0.006,56.80804849842046,0.27243945002555847,-31.5447998046875,18.93543243408203,1.8934209615903064
778000,192.40268004122126,0.1276158383312569,0.006,56.7917188431718,0.2303624004125595,-28.754344940185547,19.373397827148438,1.4965455956715252
779000,140.828640549145,0.12764219742511446,0.006,56.7653514715152,0.08310196548700333,-17.609731674194336,20.076679229736328,1.2457502496193802
780000,204.39069907319967,0.12759175002338047,0.006,56.751719820874456,0.25498032569885254,-30.499921798706055,13.51845932006836,1.8428101126182692
781000,212.17621071775216,0.12754305835841226,0.006,56.740113400399025,0.16557179391384125,-24.3603572845459,14.438945770263672,1.2725145148921904
782000,123.5851327696231,0.12751490077685118,0.006,56.71156291565227,0.09714119881391525,-17.821199417114258,14.85466194152832,0.14563177265857524
783000,201.61202093405657,0.12746486110283167,0.006,56.697482107655354,0.3185848593711853,-33.90091323852539,20.971263885498047,1.8989705258449825
784000,124.52723444980955,0.12741090759254603,0.006,56.66921567463401,0.049797430634498596,-13.407417297363281,14.159488677978516,0.7614897509824602
785000,196.46736342737532,0.1273606706349991,0.006,56.65412804846528,0.22996051609516144,-28.093048095703125,20.708019256591797,0.9250142672245876
786000,125.11319438131416,0.12730689273968296,0.006,56.62588128401856,0.05686670541763306,-15.216793060302734,16.780868530273438,1.7133654267108385
787000,135.1161678270833,0.12726007470767065,0.006,56.59917369650966,0.1663929671049118,-24.64112663269043,19.880226135253906,1.5535903792138326
788000,211.9712226441541,0.12725900780728333,0.006,56.588051363698696,0.20125125348567963,-27.261920928955078,16.562862396240234,1.8759338548450728
789000,129.02616094933708,0.1272217100115176,0.006,56.56061572731014,0.037355925887823105,-11.60102367401123,17.31725311279297,0.6691687115957692
790000,152.96227665017975,0.1272190601747205,0.006,56.53718998721836,0.14816953241825104,-22.59696388244629,21.786115646362305,0.834218466355508
791000,200.43871055196973,0.12722774336346487,0.006,56.523252156947855,0.25484028458595276,-30.094192504882812,19.906164169311523,1.5602893834565714
792000,213.938520399013,0.12738224571401577,0.006,56.5126565936108,0.20396412909030914,-26.887815475463867,23.011146545410156,1.365348834380666
793000,134.6596744942606,0.1273957627681224,0.006,56.486184546765294,0.23657624423503876,-27.753175735473633,21.432605743408203,0.2788019466982159
794000,279.5476950554584,0.12769729082453288,0.006,56.49481399258116,1.256448745727539,-65.09701538085938,23.74419403076172,1.7711710963526017
795000,105.0298601402948,0.12766884025738348,0.006,56.464671217143604,0.1432192623615265,-22.97831916809082,12.432601928710938,1.6096478083932741
796000,212.18832012222788,0.1276200130992186,0.006,56.45354985020768,0.25936487317085266,-30.683645248413086,13.49217414855957,1.9330511110221567
797000,197.9748219618534,0.12756790223513273,0.006,56.43923620196863,0.27324962615966797,-30.71000099182129,21.5864315032959,1.2073598044111558
798000,246.93142884735315,0.127678309010467,0.006,56.43734269258959,0.21941660344600677,-27.50460433959961,24.265155792236328,1.0682675782868747
799000,197.83206734015133,0.1278094041644845,0.006,56.42292542774661,1.54485023021698,-73.86060333251953,15.648119926452637,3.7314190803509346
800000,230.096852227279,0.12805268635500344,0.006,56.41628203693456,0.23934705555438995,-29.485759735107422,19.924406051635742,1.8851614070598137
801000,206.4109921976223,0.1280294118271301,0.006,56.40372351198359,0.23326583206653595,-29.109651565551758,19.789669036865234,1.8680064982244484
802000,168.89406682475985,0.12797561392999038,0.006,56.38334025545215,0.1846504509449005,-25.234683990478516,21.934001922607422,1.0062136550054226
803000,215.5309443289696,0.12805749560736107,0.006,56.373009467185234,0.1602517068386078,-23.570308685302734,22.485065460205078,1.003377170607171
804000,162.9842715037931,0.12801461092113928,0.006,56.35131152576468,0.23852118849754333,-29.441974639892578,16.915206909179688,1.9207670196548097
805000,193.2189089012216,0.12796439312976612,0.006,56.33579180393975,0.2790231704711914,-31.450603485107422,20.31173324584961,1.6925484848813375
806000,204.47129052921494,0.1279169751340893,0.006,56.322929287127984,0.2944420874118805,-32.24557876586914,20.364660263061523,1.6833395258037929
807000,154.3005780096719,0.12793898451036262,0.006,56.30012970098807,0.2238263487815857,-27.024925231933594,24.388504028320312,0.38917331562631835
808000,199.29090106098698,0.12789159063429956,0.006,56.28636693784108,0.2340344935655594,-28.477500915527344,19.83336639404297,1.2477827180154124
809000,200.84663171153488,0.12784252434722357,0.006,56.272926475395444,0.23726008832454681,-29.184242248535156,23.81403923034668,1.7740636389548943
810000,201.08581330026124,0.12779784679436246,0.006,56.25953557382062,0.2417236715555191,-29.569902420043945,11.062721252441406,1.9096746110543794
811000,267.3776786673504,0.1280772880705803,0.006,56.26401214833846,1.6609599590301514,-76.80428314208984,20.77761459350586,4.292220232908111
812000,189.18320957596006,0.12802864232401198,0.006,56.247899014635756,0.27027377486228943,-30.750139236450195,22.273210525512695,1.5080591391236817
813000,226.0331261429562,0.1282103396207215,0.006,56.24031324687065,0.24113889038562775,-29.40523338317871,18.031862258911133,1.7879238399323543
814000,263.0880710400367,0.1285355035477778,0.006,56.243010094436954,0.2354826033115387,-29.054716110229492,10.943822860717773,1.761922912834697
815000,232.65370170500984,0.12876003192093316,0.006,56.23678303478124,0.08447404950857162,-16.985851287841797,25.376527786254883,0.6409581994193249
816000,187.18141746415031,0.12870554065409742,0.006,56.22007795551734,0.26109862327575684,-30.466398239135742,23.196231842041016,1.739167205345863
817000,182.1989919775511,0.12882064163129847,0.006,56.20246759179503,0.2712303400039673,-30.388694763183594,16.20041275024414,1.1185739993522241
818000,185.48262409182107,0.12876814862419553,0.006,56.18558870509103,0.2503301501274109,-28.915971755981445,16.03447914123535,0.804634828408366
819000,154.23066004754537,0.1287636275014032,0.006,56.163115628340506,0.17135164141654968,-24.68120002746582,12.97713851928711,1.4326796967788218
820000,229.2179821180533,0.1290133458575252,0.006,56.156309232190296,0.09547959268093109,-17.921504974365234,25.88324737548828,0.5693336937491932
821000,198.35982086559352,0.1289641856541391,0.006,56.142370824689905,0.30887681245803833,-33.112281799316406,17.292516708374023,1.910210885567217
822000,209.4581015744648,0.1289160234351043,0.006,56.13113392744487,0.30062612891197205,-32.22569274902344,20.752811431884766,1.4493368870538408
823000,177.19907501632127,0.1288781284998988,0.006,56.112877563262856,0.2780778408050537,-31.510297775268555,14.683608055114746,1.9202460405500072
824000,179.01001166711234,0.12882913061164458,0.006,56.094930541387654,0.22661346197128296,-28.316238403320312,18.76862144470215,1.6128441725748088
825000,123.40220226656427,0.1287841950437212,0.006,56.06805000058385,0.07313962280750275,-16.73961067199707,16.982515335083008,1.5763773600824167
826000,198.4599897753325,0.12873250707482894,0.006,56.05441551952243,0.17715775966644287,-25.270368576049805,20.419029235839844,1.6770032953738125
827000,273.3261764472812,0.12906847741065236,0.006,56.06015704423933,0.09875929355621338,-17.579137802124023,22.683719635009766,-0.03832283918720651
828000,20.31025493598813,0.1290746024738047,0.006,56.02648002843713,0.0013282548170536757,2.1589560508728027,30.368526458740234,-0.11705810666918334
829000,143.61096644467216,0.1290342582571529,0.006,56.002640605785174,0.14679470658302307,-22.037187576293945,16.20827865600586,0.580449805080831
830000,166.57601687661787,0.12927137607528152,0.006,55.98207204630078,0.0011784378439188004,2.0270028114318848,28.391151428222656,-0.10522866480650854
831000,219.85216459954222,0.12946068325553753,0.006,55.97302411985353,0.09438241273164749,-17.735361099243164,20.02255630493164,0.5394860800398226
832000,16.04923805969512,0.1294737479600944,0.006,55.93957024377377,0.0008903034613467753,1.7414659261703491,22.883323669433594,-0.07234364090191805
833000,112.24906688479695,0.12947476604448782,0.006,55.911632196807,0.11899995058774948,-19.424192428588867,20.75213623046875,0.13671064796267007
834000,24.039962730670585,0.12949198734335493,0.006,55.878298322090494,0.0010610684985294938,1.9123835563659668,26.1895694732666,-0.09220125334105693
835000,164.99881584566026,0.12946913100447077,0.006,55.85809361033255,0.182966411113739,-24.733097076416016,12.469060897827148,0.840036096824015
836000,10.51992685218199,0.12948632836040966,0.006,55.82491112144096,0.0008607000345364213,1.7285170555114746,25.947057723999023,-0.09074311607793555
837000,11.614711286618158,0.1295027996723109,0.006,55.79176679334314,0.0006865320610813797,1.551543116569519,25.77191925048828,-0.0897007766237155
838000,166.7759411199684,0.12950291200134317,0.006,55.772050780749915,0.18950456380844116,-25.72926902770996,20.96559715270996,1.4505132259686015
839000,22.582338533264654,0.12951543912411298,0.006,55.73900014407979,0.0006247198907658458,1.4619503021240234,22.285335540771484,-0.06878752093272698
840000,205.56374062194442,0.1295705899049034,0.006,55.72678009006147,0.17610780894756317,-25.215229034423828,15.504644393920898,1.8293739573055878
841000,126.8503057514304,0.12971477077551372,0.006,55.700934319367406,0.09968483448028564,-18.92354393005371,18.246644973754883,1.3371412024646119
842000,154.27065077134148,0.12978543102320195,0.006,55.6791515676972,0.004083895590156317,-3.4351484775543213,26.8710994720459,-0.12304813640936019
843000,136.85525421581286,0.12978257868345786,0.006,55.65457137076025,0.041966985911130905,-11.631595611572266,16.552780151367188,0.23028676053318692
844000,210.15706385748095,0.12987946505634448,0.006,55.64339452765285,0.01474844291806221,-6.776061534881592,18.419261932373047,0.018551397970786795
845000,100.08303567386156,0.12983928738510395,0.006,55.61465424463477,0.09101209789514542,-17.834514617919922,17.77753448486328,1.0565683600514597
846000,146.07316259938762,0.12986001155650095,0.006,55.591879981814444,0.040864456444978714,-11.470449447631836,16.21701431274414,0.23257381112961817
847000,168.10814204359636,0.12990230360867222,0.006,55.572461245227416,0.10037145018577576,-18.296751022338867,18.465585708618164,0.6905878906075985
848000,59.7977388458967,0.12987138140234786,0.006,55.54113216721176,0.0512983500957489,-13.265624046325684,22.039188385009766,0.6860356481045611
849000,110.78442508593405,0.1298730446690642,0.006,55.51377137203709,0.07123827189207077,-15.555022239685059,20.26688003540039,0.7381197506903651
850000,159.60695607874683,0.12982388357810307,0.006,55.493135386551856,0.13715530931949615,-20.907268524169922,19.428586959838867,0.3556731770030286
851000,311.66839625065097,0.1299742120117407,0.006,55.5101166528097,1.024906039237976,-60.15819549560547,26.523906707763672,3.9610663316448353
852000,166.9940054290628,0.12991760967595775,0.006,55.490599034626996,0.1835516393184662,-25.46229362487793,22.619606018066406,1.6884953669883689
853000,100.51671675566419,0.12988105876259098,0.006,55.46250224942392,0.07733918726444244,-16.375883102416992,17.51020622253418,0.9518025164846238
854000,247.55174296604213,0.1300579355047066,0.006,55.46094575354658,1.141552209854126,-63.789127349853516,22.846546173095703,4.5327439324805585
855000,123.84932663900544,0.1300982220630515,0.006,55.435659832596805,0.04011347517371178,-11.13300895690918,4.822030544281006,0.03016208536506585
856000,102.30899462524037,0.13005698920020284,0.006,55.407971096716274,0.04700465127825737,-11.97280216217041,21.662921905517578,-0.039954946949522493
857000,123.66835543211819,0.13008823505286424,0.006,55.382781885919044,0.03385421633720398,-11.582045555114746,10.069175720214844,1.3918821131849213
858000,105.2989013872876,0.13004721856380336,0.006,55.35546512752023,0.10207956284284592,-18.962276458740234,17.30795669555664,1.2762636027636733
859000,101.54123406962893,0.13000549751628207,0.006,55.327886672572504,0.061158306896686554,-13.847921371459961,19.144454956054688,0.1652210314164822
860000,160.45600022826775,0.12995087071278405,0.006,55.3076142597539,0.19399498403072357,-25.53473472595215,23.911970138549805,1.174575274632448
861000,466.0040626281379,0.1304848517242931,0.006,55.39047192748703,1.5604074001312256,-73.65571594238281,9.484626770019531,4.464003136197464
862000,167.95482353080163,0.13045822355099315,0.006,55.37140499624475,0.22287707030773163,-26.971622467041016,22.93218421936035,0.8308596186892343
863000,106.10227814502689,0.1304308112425137,0.006,55.34436572637959,0.02167430706322193,-8.24068546295166,7.577766418457031,0.09277853048467327
864000,94.1308800635697,0.1303909451411058,0.006,55.31619931905156,0.11490753293037415,-19.8091983795166,14.715961456298828,1.058104882530945
865000,163.82403836474282,0.13033598849591366,0.006,55.29663060623224,0.13299262523651123,-21.190044403076172,19.441635131835938,1.0243837951691341
866000,157.46644750612478,0.1302834781686452,0.006,55.27601563979754,0.1744195818901062,-24.233715057373047,15.159944534301758,1.1484782905962836
867000,163.1634007538552,0.13022938075459586,0.006,55.25634406639331,0.15580639243125916,-23.37781524658203,20.38134765625,1.566855558463224
868000,111.39915328030135,0.13020870188350858,0.006,55.230068254830655,0.14090955257415771,-22.381977081298828,10.331790924072266,1.6497572956101842
869000,115.77108624303357,0.13018549919562727,0.006,55.20437025411185,0.06356445699930191,-14.848405838012695,11.922774314880371,0.93028434306076
870000,107.99226408951907,0.13016939259855576,0.006,55.17784788040239,0.050268784165382385,-12.341654777526855,19.063011169433594,-0.02960596930568786
871000,111.3239464387611,0.1301269583998487,0.006,55.15172783454191,0.06211327388882637,-15.19887924194336,17.073911666870117,1.4536711508352629
872000,181.26038142238,0.13007951962913128,0.006,55.135581697523584,0.26951995491981506,-30.520557403564453,13.90898323059082,1.8967487640292486
873000,186.4077700745889,0.1300318317074604,0.006,55.120536770676686,0.1761527955532074,-24.588884353637695,23.16712188720703,1.4544863085288584
874000,492.8340956685556,0.13072818682610274,0.006,55.21584210469431,1.8635667562484741,-79.94794464111328,14.06348705291748,4.571406204232856
875000,100.53201384322634,0.1306890244251018,0.006,55.1886867576663,0.06690549850463867,-15.651455879211426,12.637372016906738,1.3762953913254883
876000,204.58498029121154,0.13064309153239953,0.006,55.17712166745744,0.2961859405040741,-31.898340225219727,19.190147399902344,1.8693125031075868
877000,107.48911840058315,0.13060227636811014,0.006,55.150757791981434,0.09253507852554321,-17.447986602783203,13.279352188110352,0.6713582191200298
878000,117.97735548763985,0.1306023943579588,0.006,55.125634139780054,0.09995478391647339,-17.803558349609375,17.024856567382812,0.3752447277146949
879000,416.78793295812596,0.1312140571782628,0.006,55.18275180977226,0.05741310864686966,-13.680976867675781,13.810127258300781,0.45862063775879197
880000,100.43966665126646,0.1311728640075387,0.006,55.15581686144226,0.07864490896463394,-15.827747344970703,16.441024780273438,0.36001654990722837
881000,102.94858090348576,0.13113284161371713,0.006,55.129113163680096,0.03591819852590561,-11.899786949157715,18.55841636657715,1.4516631218656444
882000,105.51598437561266,0.13109618092705333,0.006,55.1027009474286,0.023711850866675377,-9.774170875549316,18.36543846130371,1.2890975017725796
883000,103.41086503733113,0.13106056053408094,0.006,55.07607021602476,0.0509067066013813,-12.608723640441895,24.84801483154297,0.18217692360003115
884000,244.49824845374388,0.13129890654041776,0.006,55.073948228377134,0.09320186823606491,-17.596498489379883,20.982498168945312,0.7829838546093295
885000,102.82029590184833,0.13125946491322715,0.006,55.047405356090664,0.1031394898891449,-18.541711807250977,20.349889755249023,0.8630521420980358
886000,184.0538998557333,0.131218885673483,0.006,55.03201559328649,0.3160867393016815,-32.72124481201172,19.487009048461914,1.7813682198449277
887000,119.57725482487791,0.13118394704840675,0.006,55.00731862241259,0.07360339164733887,-15.260490417480469,8.03798770904541,0.33703522822944804
888000,137.66806378265156,0.13116959944586523,0.006,54.984937818747895,0.14364610612392426,-21.31549644470215,11.054025650024414,0.4758336049237185
889000,194.8864609250895,0.13112328637836826,0.006,54.97177851110232,0.29295432567596436,-31.63001823425293,18.255966186523438,1.8764033516423126
890000,201.03180937746802,0.13107651543849042,0.006,54.95972115613151,0.28874167799949646,-31.281391143798828,19.691162109375,1.7489544241615447
891000,120.1935368747983,0.13104668682245885,0.006,54.935174955027705,0.09718982130289078,-17.431350708007812,10.194918632507324,0.30515310648315364
892000,162.84702761176442,0.1310786398601718,0.006,54.9165736336485,0.06481888145208359,-15.74763011932373,20.919876098632812,1.7661152782804677
893000,172.93005792989123,0.13106783911825082,0.006,54.899609374004484,0.05548606440424919,-14.12336540222168,24.803714752197266,1.191498239924879
894000,151.49034467012405,0.13102018959719441,0.006,54.87916919928134,0.11331015825271606,-20.27161979675293,12.127376556396484,1.7984269119845722
895000,134.36388457245732,0.13097783089808385,0.006,54.85641635657749,0.1365160048007965,-22.45450782775879,14.0725679397583,2.1861190043009016
896000,176.67522383640457,0.1309830298793774,0.006,54.84014384273749,0.08426456153392792,-15.974709510803223,27.731792449951172,0.05551541363698079
897000,201.0738151628411,0.13106130092307391,0.006,54.828441320395335,0.21960976719856262,-25.78730010986328,9.69261646270752,0.0932983620407243
898000,110.71048846888067,0.1310534723756548,0.006,54.803010485576344,0.06787139177322388,-14.57547378540039,23.175525665283203,0.2981175973614937
899000,214.3749526813397,0.13101123843646503,0.006,54.79406552067394,0.33621007204055786,-33.3152961730957,23.28487205505371,1.5437089669632234
900000,139.36481705244282,0.13102210708579215,0.006,54.77223935795545,0.1037043035030365,-18.207778930664062,25.243749618530273,0.5693907099277069
901000,195.6401594819071,0.13097710608536223,0.006,54.75961438576522,0.036416273564100266,-10.515650749206543,20.61354637145996,0.06584742744749375
902000,204.39801961449282,0.13093518786463285,0.006,54.74858510754185,0.29245010018348694,-31.063365936279297,16.572677612304688,1.4560662923838321
903000,148.22264466521688,0.13089503602519115,0.006,54.72808110965325,0.07884007692337036,-16.887733459472656,16.9373779296875,1.5209216485420762
904000,207.36398537492317,0.1308474977527822,0.006,54.71784609304924,0.27078357338905334,-30.351444244384766,16.97691535949707,1.8779894374422867
905000,141.77736811682246,0.13080177437066398,0.006,54.696539876790126,0.16102507710456848,-22.844951629638672,18.642215728759766,0.8963611612025343
906000,198.11206481231915,0.13075433694663946,0.006,54.684526236084444,0.2772742211818695,-30.57520294189453,18.684795379638672,1.780062768355276
907000,213.85384889063664,0.13070793816009282,0.006,54.67581907801248,0.2565062642097473,-28.98088264465332,21.06086540222168,1.289522632004596
908000,212.0651513348621,0.1306625217388008,0.006,54.6668202238358,0.2954716980457306,-31.510225296020508,14.342838287353516,1.794813042632621
909000,164.70724444766415,0.1306965654827479,0.006,54.64884785233922,0.9912658333778381,-59.43074417114258,21.155380249023438,5.0210733003985055
910000,121.45748301770534,0.13070989587865034,0.006,54.62511724503112,0.10233891010284424,-17.567625045776367,27.639501571655273,0.09280083503070893
911000,141.95136690542844,0.1307087918265808,0.006,54.604014136598906,0.049823906272649765,-12.037924766540527,29.331958770751953,-0.15038379498594587
912000,96.8429742428566,0.13067101718534568,0.006,54.577924783979796,0.10472147166728973,-18.216251373291016,21.024127960205078,0.554455118771479
913000,134.8216847047844,0.13064356304647207,0.006,54.55603045514575,0.09501075744628906,-18.466751098632812,10.842601776123047,1.650501007527368
914000,213.9973692456638,0.13060003583589183,0.006,54.54770916232194,0.2946816682815552,-31.474641799926758,17.665817260742188,1.8636392967180504
915000,151.61419733985062,0.13055737905026635,0.006,54.527999290194366,0.12946897745132446,-21.34796142578125,25.374717712402344,1.7278054836932142
916000,207.99323468073408,0.13051259421185257,0.006,54.518427612691845,0.29209983348846436,-30.994382858276367,18.744430541992188,1.5292097959567696
917000,191.41356843795944,0.13046559177276343,0.006,54.505484374773836,0.21101659536361694,-26.347103118896484,23.143945693969727,1.3091691649902046
918000,202.03118589162145,0.13042126551872113,0.006,54.494664395312526,0.32159948348999023,-32.83872604370117,11.061822891235352,1.934945107754122
919000,133.84126725862478,0.13039557825459977,0.006,54.47273127719315,0.1360170990228653,-21.304433822631836,18.996925354003906,1.2146209398814014
920000,209.66324260050618,0.13035072520454838,0.006,54.46367369735073,0.29516416788101196,-31.295429229736328,14.170408248901367,1.7058536051649928
921000,189.92479960002706,0.13042833598804957,0.006,54.45055715424437,0.08683043718338013,-17.35102653503418,14.669309616088867,1.3060779488603418
922000,198.61820179705407,0.13038268543355494,0.006,54.439119279771596,0.2683327794075012,-29.852153778076172,13.485250473022461,1.6522318246253158
923000,206.2424411187796,0.13033756398306423,0.006,54.42924318264033,0.29706692695617676,-31.52625274658203,19.077789306640625,1.860222662614074
924000,206.9379614589998,0.13029385207956856,0.006,54.419650773023314,0.2551023066043854,-29.29117202758789,22.44751739501953,1.8050833088227882
925000,181.0670087989454,0.13032519692364694,0.006,54.405022424667436,0.07152604311704636,-14.771997451782227,18.88562774658203,0.22172669423793878
926000,206.06535862829446,0.13027983016306566,0.006,54.395214637215595,0.26166263222694397,-29.4741153717041,14.766325950622559,1.6493485926630016
927000,170.31792603944393,0.13026771110859967,0.006,54.37864690195584,0.10898330807685852,-19.276195526123047,22.475969314575195,1.3243782889664315
928000,163.9170445693488,0.13024618469047186,0.006,54.36110912234766,0.191560760140419,-23.932373046875,25.477821350097656,0.1397894557350564
929000,181.22060011103102,0.13027785937572547,0.006,54.34654770677394,0.17562907934188843,-24.268882751464844,21.306093215942383,1.4932639648440018
930000,150.60540944522887,0.13023256020322468,0.006,54.32713869666316,0.0480586476624012,-11.93659782409668,15.70113754272461,0.026848965431713653
931000,173.97081396045044,0.13026886891079612,0.006,54.31134721750492,0.1327683925628662,-21.486286163330078,8.624622344970703,1.6966445218045818
932000,190.79549000952775,0.13027500291204389,0.006,54.298586692138734,0.14912894368171692,-21.018808364868164,17.27204704284668,0.05020545581147216
933000,168.09499877533946,0.13024923791348164,0.006,54.281829455191314,0.2080950289964676,-27.203914642333984,16.646041870117188,2.441937297599702
934000,193.81089007418828,0.13019957781847605,0.006,54.26976188970082,0.2472495138645172,-28.01392364501953,17.19168472290039,1.0287233236094755
935000,156.49462933224208,0.13018291625736605,0.006,54.2512476116259,0.18256106972694397,-23.68964958190918,23.869911193847656,0.5096280622781162
936000,178.07136683430338,0.13013955868004004,0.006,54.236439716102,0.22694791853427887,-26.983840942382812,23.14479637145996,1.146115209405783
937000,102.19939744775763,0.1301047057837007,0.006,54.21159072646741,0.040115438401699066,-10.84305191040039,11.07886791229248,-0.014900350490448765
938000,124.67086345784584,0.130096305012023,0.006,54.1891139213189,0.12773282825946808,-19.91064453125,19.207054138183594,0.5436016349608307
939000,191.63944246183746,0.1300504782145394,0.006,54.17684104045753,0.29168930649757385,-31.059307098388672,15.014942169189453,1.799332161310156
940000,117.08517556983087,0.13001408885249974,0.006,54.15359607693437,0.13882707059383392,-21.9543514251709,25.758380889892578,1.7769918197847778
941000,133.11688286868315,0.1300239097672074,0.006,54.132277959801996,0.1294553130865097,-20.48209571838379,18.9351749420166,1.0053553762211118
942000,202.16795056306765,0.1299788210465503,0.006,54.12212014205005,0.19003908336162567,-24.897415161132812,15.158456802368164,1.3037034394460563
943000,115.63644698270699,0.12994263875203005,0.006,54.09886974935148,0.09804626554250717,-17.254188537597656,23.08226203918457,0.31456705882081526
944000,120.4539879501897,0.12990527231562163,0.006,54.07613710218345,0.14289730787277222,-21.85132598876953,18.192359924316406,1.4095934578906677
945000,116.98241165810654,0.12986990870984727,0.006,54.05310133655471,0.027338741347193718,-10.099687576293945,21.05413818359375,1.162314034533381
946000,118.59032340223574,0.12983610309567,0.006,54.030271767337474,0.15833178162574768,-22.035907745361328,19.484413146972656,0.536763558753893
947000,191.85471631531837,0.12978697899090685,0.006,54.01823338581372,0.2254912108182907,-27.094892501831055,15.020100593566895,1.4438398716428054
948000,147.40939002654733,0.12980865433299232,0.006,53.99920249201305,0.16237911581993103,-22.272083282470703,16.733064651489258,0.5124071251872023
949000,127.55010354719742,0.1297879913478455,0.006,53.97755864821144,0.10436505079269409,-18.461172103881836,19.40047264099121,1.0234088146263176
950000,195.2483969118755,0.12974140648332386,0.006,53.966514769364906,0.1766497939825058,-22.869983673095703,22.504863739013672,0.18800530635961518
951000,167.57806171439384,0.12978380055890376,0.006,53.95046458880838,0.11221621930599213,-19.97144889831543,16.484708786010742,1.8987497614894098
952000,118.63195277900162,0.1297481887656756,0.006,53.92791764164567,0.10551617294549942,-17.808115005493164,26.984420776367188,0.29057322750225056
953000,195.64738272151746,0.12970283633542548,0.006,53.91680629008464,0.30641892552375793,-30.858806610107422,18.801855087280273,1.0130956390415984
954000,122.12596658893322,0.1296660396897503,0.006,53.894736780882845,0.12644338607788086,-19.700654983520508,22.26640510559082,0.5362907088439117
955000,180.92111661203,0.1296218778593927,0.006,53.88098164591189,0.25241950154304504,-28.71653938293457,20.533283233642578,1.6459963764208714
956000,133.37026266374608,0.1296192243903924,0.006,53.86034989443045,0.03486282378435135,-11.445876121520996,21.408061981201172,1.3892927771084018
957000,200.28652535159,0.12957414711044873,0.006,53.8503209875917,0.1864115297794342,-24.550989151000977,26.032329559326172,1.3008965266714765
958000,107.14278629570428,0.12953741582085446,0.006,53.826827094027344,0.10433848202228546,-17.748523712158203,19.604938507080078,0.3616685011328179
959000,198.20504623629273,0.12948908268710405,0.006,53.81634222140921,0.2755475640296936,-29.97065544128418,21.57111167907715,1.7210473466474963
960000,128.34631162085145,0.12946365018498768,0.006,53.795198889539144,0.13170276582241058,-20.00788116455078,20.124910354614258,0.4851314316003048
961000,135.376780493026,0.12943396264774676,0.006,53.77502664130052,0.1963828057050705,-24.314218521118164,20.252601623535156,0.4837604587151548
962000,143.87477239624104,0.12939678724256573,0.006,53.756060352712176,0.10351384431123734,-19.003690719604492,13.39544677734375,1.70844788565174
963000,143.27178404643146,0.1293789229133796,0.006,53.73694429650334,0.08255753666162491,-15.5046968460083,11.809377670288086,0.06455191791856792
964000,130.5433901612641,0.12934520975503064,0.006,53.71618953363162,0.09572619944810867,-17.008304595947266,18.31270980834961,0.38870183655292584
965000,121.32509443418596,0.12931382987950119,0.006,53.69448518131005,0.03593553975224495,-10.173114776611328,9.962590217590332,-0.005572964587687322
966000,118.18855205550126,0.12927936146109834,0.006,53.67245660005438,0.17261546850204468,-23.270687103271484,22.69699478149414,0.9713834350686442
967000,203.72380702792157,0.12923692247445243,0.006,53.6635553106193,0.25744789838790894,-28.360109329223633,18.70686912536621,1.1315844242825968
968000,118.33877679414714,0.1292018058448268,0.006,53.64166138291953,0.06255040317773819,-13.68065357208252,20.834529876708984,0.26483058781936925
969000,102.99489121681995,0.12916874793283076,0.006,53.61827655251472,0.11021710187196732,-18.236652374267578,16.093637466430664,0.4359421286492552
970000,118.74674314907061,0.1291361728051776,0.006,53.59640414369099,0.06391848623752594,-13.864496231079102,19.33513641357422,0.31419564106478426
971000,202.0721634328865,0.1290913595482433,0.006,53.587288032900204,0.31306564807891846,-31.894487380981445,14.106746673583984,1.911181980042224
972000,112.83346544764287,0.12905933822359797,0.006,53.5649200322642,0.12952330708503723,-21.7479248046875,19.437908172607422,2.4702591539818046
973000,199.27720110966814,0.12901579732576643,0.006,53.555446922092315,0.22464244067668915,-27.288532257080078,17.590721130371094,1.905146392892948
974000,205.7109277491878,0.12897152573658974,0.006,53.54720443418894,0.2811151444911957,-29.948726654052734,13.711935043334961,1.5578440426085316
975000,181.96308357190745,0.12905616300086697,0.006,53.534696054419946,0.1456127017736435,-21.75383186340332,18.300500869750977,1.3254024024803652
976000,133.89912206574695,0.1290258000539273,0.006,53.514915428025276,0.10534622520208359,-17.612531661987305,22.749244689941406,0.24315112509439893
977000,201.4863197811346,0.12898274259449682,0.006,53.5057994820692,0.29881590604782104,-30.385648727416992,21.45165252685547,1.1372062588494891
978000,206.29554571850437,0.1289392762614416,0.006,53.49771625778678,0.2833808660507202,-29.665630340576172,14.729701042175293,1.1869100823411838
979000,202.70281009973047,0.1288951702187242,0.006,53.48882587022111,0.3034307658672333,-31.161422729492188,16.282190322875977,1.6973418664568882
980000,209.99929658249954,0.12885234448847738,0.006,53.48162211452095,0.2998262345790863,-31.166059494018555,21.48031997680664,1.8814519396526022
981000,169.00062619764785,0.12888104618162552,0.006,53.46692803971766,0.04491052031517029,-12.0372953414917,14.356422424316406,0.7065294649493725
982000,205.4780055661759,0.12883639455473891,0.006,53.45877029057866,0.2951832711696625,-30.933626174926758,19.584148406982422,1.8890644572333877
983000,201.78655482746763,0.12879110223939186,0.006,53.44989604054131,0.24419651925563812,-27.372270584106445,19.289411544799805,0.9593387402819424
984000,160.72066746506283,0.12885421325166052,0.006,53.43375462499691,0.13740704953670502,-19.85187339782715,19.135099411010742,0.044806327548504554
985000,204.95677885183224,0.1288083246451092,0.006,53.425508377787054,0.258731484413147,-28.852529525756836,25.394855499267578,1.6772935875337682
986000,190.47779546351967,0.12876089645637118,0.006,53.414568311198444,0.2809116542339325,-29.53404998779297,13.022350311279297,1.223741861451545
987000,146.83353275771287,0.12877899488161582,0.006,53.39673147784814,0.10128606110811234,-18.380882263183594,22.006637573242188,1.3871220515028915
988000,204.0215883214671,0.12887191181403573,0.006,53.388307940193265,0.23063531517982483,-27.149484634399414,19.926513671875,1.5100121317178499
989000,156.51641527535924,0.12884454309190124,0.006,53.37168331024378,0.1199130192399025,-19.61561393737793,25.32022476196289,1.1338233066304542
990000,185.0039296590548,0.1287978107669158,0.006,53.35992610553514,0.2415025234222412,-27.876821517944336,18.81487464904785,1.6542023950675566
991000,151.3710181854119,0.12876223820217855,0.006,53.342700019248284,0.16667237877845764,-21.722265243530273,26.94855308532715,-0.05517293251649606
992000,166.50075438130105,0.12878688472222963,0.006,53.3277288809774,0.06880827248096466,-15.39221477508545,20.026838302612305,1.4036428105446288
993000,196.8947889421391,0.12874317195644674,0.006,53.31823581864388,0.26906272768974304,-29.25324821472168,9.962824821472168,1.596407314715126
994000,184.71618653943437,0.1287009953504573,0.006,53.306551964717805,0.27263587713241577,-29.7037410736084,22.53702163696289,1.8699669322483545
995000,199.83580674318873,0.12865780602619406,0.006,53.29758904043399,0.2603687345981598,-27.459434509277344,14.72852897644043,0.26362736577488466
996000,114.25680641664144,0.12863177135713894,0.006,53.27606314279293,0.04703770577907562,-11.704668998718262,11.587274551391602,0.15006128744903163
997000,103.59979834751138,0.12859736427428953,0.006,53.25349453877863,0.025879018008708954,-9.296086311340332,21.261539459228516,0.7292191675914061
998000,119.47515991625323,0.1285626311978871,0.006,53.232553891183024,0.13516028225421906,-20.57361602783203,18.348302841186523,1.0031182995173638
999000,162.2122967949414,0.12858823136609593,0.006,53.21722224151654,0.07356743514537811,-16.0816707611084,21.44687271118164,1.6473942223371107
1000000,181.86027275836426,0.12854498991663849,0.006,53.20510340712868,0.21271473169326782,-26.351423263549805,23.598934173583984,1.812692219631009
